13 LOCI 18 ALLELES 34 INDIVIDUALS
18 4,4 2,2 2,2 8,11 2,4 7,11 5,7 1,1 2,7 3,4 1,1 2,3 2,2
18 6,6 2,2 2,2 7,10 4,7 9,11 6,10 1,1 2,2 2,2 1,1 1,3 2,4
18 4,4 2,2 2,2 6,11 4,7 11,12 7,7 1,1 2,7 2,4 1,2 1,1 2,6
18 4,7 2,4 2,2 5,9 2,4 12,14 6,9 1,3 2,2 4,5 1,1 2,2 2,5
18 3,4 2,2 2,2 6,9 2,4 9,14 7,10 1,2 6,9 2,4 1,2 1,3 5,5
18 3,4 4,5 2,3 6,7 4,5 7,11 7,10 1,2 2,2 2,2 1,2 1,3 2,2
18 3,3 2,2 2,2 6,13 3,4 8,9 7,14 2,3 2,2 2,4 1,1 1,3 1,2
18 3,3 2,2 2,2 2,4 3,4 9,13 6,7 2,2 2,2 0,0 1,2 1,3 1,5
18 3,4 1,2 2,2 6,7 0,0 5,14 6,10 1,1 2,7 4,4 1,1 1,3 2,2
18 3,4 2,2 2,3 5,8 4,5 10,16 5,7 1,2 2,9 2,3 1,1 3,3 1,5
18 1,4 2,2 2,2 6,9 3,7 9,13 10,14 1,2 7,10 3,4 1,1 2,3 2,13
18 3,4 1,2 2,2 5,10 2,7 10,11 6,16 3,3 7,7 3,4 1,1 1,3 2,2
18 3,4 2,2 2,2 5,14 2,3 10,14 10,14 1,2 2,11 4,6 1,1 3,3 2,2
18 3,6 2,2 2,2 9,10 1,4 11,14 6,7 1,1 2,7 2,2 1,1 3,3 2,2
18 4,4 2,2 2,2 7,9 4,4 10,11 6,6 1,1 2,2 2,4 1,1 2,3 4,12
18 4,4 5,5 2,2 6,8 4,5 5,11 1,6 1,1 2,7 4,4 1,2 3,3 2,3
18 3,3 2,2 2,2 7,9 4,4 6,15 7,9 2,3 2,4 1,2 1,1 1,3 2,5
19 3,3 2,2 2,2 8,12 2,4 8,11 6,9 1,1 3,9 2,4 1,2 1,1 2,2
19 3,3 2,3 2,2 8,11 3,6 9,11 7,14 1,3 7,9 2,5 1,1 3,3 1,6
19 3,3 1,3 2,2 8,10 4,5 7,10 7,14 1,1 1,2 2,2 1,1 1,1 5,5
19 4,4 2,2 2,2 9,11 4,6 12,13 10,14 1,2 2,2 2,3 2,2 1,3 2,5
19 3,4 1,5 2,2 5,8 4,7 9,11 5,6 1,1 9,9 0,0 1,2 3,3 4,5
19 3,4 1,2 2,2 6,10 4,7 10,12 6,8 1,1 7,7 2,5 1,1 1,1 2,4
19 3,3 1,2 2,2 5,8 3,4 8,10 6,14 1,1 2,7 2,4 1,1 1,3 2,4
19 3,4 2,2 2,2 6,8 4,4 8,9 6,7 1,2 2,2 3,4 1,1 1,3 2,4
19 4,7 2,2 2,2 6,7 3,4 9,12 11,14 3,3 2,9 4,10 1,2 1,1 5,12
19 3,3 2,2 2,2 8,9 3,4 10,12 6,14 1,3 7,9 4,6 1,1 1,3 2,4
19 3,4 0,0 2,2 6,7 4,7 15,17 4,7 2,2 1,2 2,7 1,1 1,3 2,2
19 4,5 2,2 2,2 6,7 2,7 5,8 1,10 1,1 7,9 2,2 1,2 1,3 5,6
19 4,4 2,2 2,2 7,12 2,4 5,13 6,18 1,3 2,7 2,3 1,1 1,1 2,5
19 4,4 2,4 2,2 4,10 2,2 9,17 10,17 1,3 9,9 2,4 1,1 1,3 2,4
19 4,6 2,2 2,2 7,8 4,4 6,10 4,16 1,1 7,9 2,4 1,1 1,2 2,2
19 4,6 2,2 2,2 7,9 3,5 8,12 6,7 1,2 2,7 3,4 1,1 3,3 2,5
19 3,4 2,2 2,2 8,9 2,4 9,14 6,10 3,3 2,7 2,4 1,1 1,1 5,5
19 3,3 2,2 2,2 3,8 4,4 7,14 6,14 1,2 7,7 3,4 1,2 3,3 1,5
19 3,4 1,2 2,2 6,8 4,7 9,12 5,6 1,2 2,9 2,2 1,1 1,3 2,5
19 4,6 2,4 2,2 7,8 2,5 10,13 7,14 1,3 2,7 4,4 1,3 3,4 2,6
20 3,5 2,2 2,2 8,10 2,7 7,10 6,7 1,1 2,2 2,3 1,1 1,3 2,5
20 4,6 1,2 2,2 9,9 4,5 8,10 6,12 1,1 2,2 4,4 1,1 1,2 5,5
20 3,3 2,2 2,3 7,11 3,4 11,15 7,16 1,1 2,7 2,4 1,1 3,3 2,5
20 4,4 2,2 2,2 8,11 2,4 7,9 5,7 1,2 2,9 1,2 1,1 1,1 2,6
20 3,4 2,5 2,2 4,5 2,3 8,13 6,9 1,1 7,7 4,4 1,1 3,3 2,2
20 3,3 4,4 2,2 6,13 4,4 11,11 6,14 1,3 2,7 3,4 1,1 1,3 2,5
20 3,3 3,4 2,2 6,8 4,6 9,9 7,10 3,3 2,7 2,5 1,1 1,1 2,3
20 3,4 2,2 2,2 1,10 5,7 9,10 7,9 2,2 2,9 4,5 1,1 1,1 2,3
20 3,5 1,2 2,2 4,7 4,4 11,12 3,6 1,1 2,2 2,4 1,1 1,1 2,2
20 3,3 2,2 2,2 0,0 2,4 10,12 6,6 1,1 2,7 2,2 1,1 1,3 2,5
20 3,4 2,2 2,2 7,8 5,6 10,14 6,6 1,3 7,7 0,0 1,1 1,3 1,4
20 3,3 2,2 2,2 6,7 2,4 8,9 6,6 1,2 3,9 1,4 1,2 1,1 5,6
20 4,6 2,2 2,2 8,9 4,7 9,15 5,7 2,3 7,7 2,3 1,1 1,3 2,6
20 4,5 2,2 2,2 6,7 2,7 5,8 1,10 1,1 7,9 2,2 1,2 1,3 5,6
20 4,4 2,2 2,2 6,8 4,4 2,10 6,7 1,3 2,7 1,4 1,2 3,4 2,3
20 4,4 2,2 2,2 9,11 4,5 9,12 5,7 1,2 2,7 2,4 1,2 1,3 2,6
20 3,4 2,2 2,2 6,13 2,7 11,13 6,7 1,1 2,2 4,7 1,1 1,1 2,5
20 4,4 2,5 2,2 4,6 4,6 7,10 6,14 1,1 2,9 2,2 1,2 1,4 2,5
20 4,6 2,4 2,2 8,8 4,5 9,10 7,14 1,1 9,9 2,8 1,2 3,3 2,2
22 4,5 2,2 2,4 7,12 5,5 8,10 0,0 2,2 7,9 3,4 1,1 1,3 3,5
22 3,4 1,2 2,2 7,9 4,4 10,12 6,6 1,2 2,7 2,4 1,2 1,1 2,5
22 6,6 1,2 2,2 11,11 1,4 12,13 6,7 3,3 2,7 2,4 1,1 1,3 2,12
22 3,3 2,4 2,4 4,11 4,4 6,10 6,10 1,2 2,7 2,2 1,1 1,3 2,5
22 3,5 1,2 2,2 3,8 4,6 11,12 5,6 1,1 2,2 4,4 1,1 1,1 2,2
22 3,3 2,2 2,2 7,10 4,5 0,0 6,7 1,2 2,7 2,2 1,1 1,1 2,5
22 3,4 2,2 2,2 7,8 4,6 9,11 5,6 1,2 2,5 4,4 1,1 1,1 5,6
22 4,6 2,2 2,2 7,8 2,5 9,14 5,14 1,1 9,9 4,7 1,2 3,3 1,2
22 3,7 2,2 2,2 4,10 4,4 10,12 5,10 1,1 2,2 3,4 1,1 3,3 2,4
22 4,6 2,2 2,2 7,10 4,4 8,11 6,7 1,2 7,9 1,4 1,1 1,1 2,2
22 3,4 2,2 2,2 5,9 2,4 9,11 5,6 1,3 2,9 2,4 1,1 1,3 0,0
22 3,4 2,2 2,2 5,11 2,5 9,11 7,7 1,3 2,9 4,4 1,2 3,4 2,5
22 4,4 2,2 2,2 8,8 4,5 11,11 6,6 1,2 2,5 2,2 1,1 1,3 5,5
22 3,6 2,4 2,2 8,9 5,5 2,10 6,7 1,3 2,4 4,4 1,1 1,3 2,5
22 3,6 2,2 2,2 1,9 4,7 4,12 9,14 1,1 2,7 4,4 1,1 1,3 2,4
22 4,5 2,2 2,2 6,12 4,7 8,9 6,14 2,3 5,9 2,4 1,1 1,3 2,5
22 3,3 2,2 2,2 7,10 3,5 0,0 6,16 1,3 2,7 4,4 1,1 1,1 0,0
22 3,3 2,2 2,2 6,13 5,8 9,11 5,7 1,2 7,9 2,4 1,1 1,3 2,15
22 3,3 2,2 2,2 5,10 2,2 10,12 0,0 3,3 2,9 2,3 1,1 1,3 4,5
22 4,6 2,2 2,2 5,10 4,4 11,11 0,0 1,3 2,9 4,4 1,2 1,3 1,5
22 2,3 2,2 2,2 11,13 4,5 11,15 4,7 1,1 7,9 1,1 1,1 1,1 2,5
22 3,4 2,2 2,2 6,9 4,4 12,14 6,6 2,2 2,2 2,4 1,1 1,1 2,5
22 3,4 1,2 3,4 6,7 2,7 8,9 6,14 1,1 5,7 2,4 1,2 1,1 5,10
22 3,3 2,2 2,2 10,10 4,5 10,10 10,10 1,1 2,4 1,1 1,1 1,3 5,5
22 3,3 2,5 2,2 10,11 4,4 9,11 6,16 3,3 2,7 2,5 1,1 3,3 2,2
22 3,6 1,1 2,2 10,11 0,0 9,9 6,10 1,2 7,7 4,4 1,1 1,3 5,6
22 3,3 1,2 2,2 5,8 4,5 11,11 6,8 1,1 7,7 2,4 1,1 1,3 2,2
22 5,6 2,4 2,2 8,9 2,4 6,14 5,6 1,2 7,7 2,4 1,2 1,3 5,5
22 3,6 2,2 2,2 4,8 4,6 8,10 14,14 1,2 7,9 0,0 1,1 1,3 2,6
22 3,3 2,2 2,2 8,13 3,3 5,6 10,13 2,2 7,7 1,4 1,1 1,3 5,15
22 3,3 2,2 2,2 4,8 4,7 6,9 7,16 1,2 2,9 4,4 1,1 1,3 4,5
22 3,3 2,2 2,2 8,8 5,6 7,11 3,7 3,3 9,9 2,4 1,1 1,3 6,14
22 4,6 1,1 2,2 5,6 2,4 1,13 9,14 3,3 2,7 3,3 1,1 1,1 6,7
22 4,4 1,2 2,2 7,11 4,4 9,11 6,14 1,2 2,9 2,3 1,1 3,3 2,6
23 3,4 2,2 2,2 7,8 6,7 9,12 6,6 1,3 2,3 4,4 1,1 1,1 2,6
23 3,6 2,3 2,2 8,11 3,5 11,11 6,14 2,3 2,2 4,4 1,1 1,2 2,5
23 3,3 2,2 2,3 4,7 4,5 9,11 5,14 1,2 2,7 2,3 1,1 1,3 2,11
23 4,4 2,5 2,2 6,9 2,4 5,13 0,0 1,2 4,7 4,4 1,1 1,3 5,12
23 3,3 2,5 2,3 5,8 4,5 4,8 6,7 1,2 7,9 2,5 1,1 1,3 2,5
23 3,3 1,2 2,2 9,13 3,5 10,11 3,6 2,2 2,2 1,6 2,2 1,3 1,6
23 3,3 2,3 2,2 8,14 2,7 11,13 5,15 1,1 2,9 4,4 1,1 1,3 2,5
23 3,3 2,2 2,2 8,9 4,4 11,12 5,14 2,2 2,7 3,3 1,1 1,1 5,5
23 0,0 1,2 2,2 4,5 4,6 8,9 5,5 2,2 2,7 3,4 1,1 1,3 1,6
23 3,3 2,2 2,2 1,6 2,4 11,13 9,14 2,3 7,9 3,4 1,1 3,3 4,6
23 3,3 2,2 2,2 8,13 4,5 7,10 2,6 1,3 2,3 3,4 1,1 3,3 4,5
23 3,3 2,2 2,2 7,8 3,4 8,9 4,6 3,3 2,9 2,7 1,1 1,3 1,5
23 4,5 1,4 2,2 5,8 4,5 6,8 6,10 2,3 3,7 1,4 1,1 1,3 1,2
23 3,4 4,4 2,2 8,11 4,5 2,11 7,14 1,1 2,9 4,4 1,2 1,1 4,6
23 3,6 0,0 2,2 10,11 2,3 8,13 6,8 1,2 7,9 4,5 1,1 3,4 5,10
23 3,4 1,2 2,2 7,7 1,4 7,10 6,10 1,1 2,7 2,8 1,1 3,3 5,6
23 3,3 2,2 2,2 6,8 4,4 5,7 6,7 2,3 7,9 1,3 1,1 1,3 7,9
23 3,4 2,2 2,2 7,11 5,6 10,14 7,14 1,2 7,9 2,4 1,1 1,1 2,4
23 3,4 2,2 2,2 5,7 4,4 11,12 5,14 1,2 6,7 2,4 1,1 1,3 2,4
24 3,4 1,2 2,2 8,13 7,7 10,10 5,7 3,3 7,7 4,4 1,1 1,3 1,5
24 3,3 2,2 2,2 4,8 4,7 10,13 6,14 1,3 5,11 2,3 1,1 1,1 2,4
24 3,6 2,2 1,2 6,6 5,5 11,12 0,0 1,2 7,7 4,4 1,1 1,3 2,5
24 3,3 2,2 2,2 4,8 4,4 8,13 7,14 2,2 2,2 2,2 1,1 1,3 2,6
24 3,3 2,2 2,3 8,10 5,5 8,10 6,14 1,3 7,7 2,4 1,1 1,1 2,5
24 3,3 1,2 2,2 5,6 4,5 9,11 6,8 2,3 9,9 1,4 1,1 1,1 5,7
24 3,3 1,2 2,3 11,11 2,5 10,11 14,14 1,3 2,2 2,4 1,2 3,3 2,6
24 3,4 2,2 2,2 4,13 4,5 8,8 5,6 1,2 2,7 2,7 1,2 1,3 1,2
24 3,4 2,4 2,2 7,11 5,7 1,8 6,6 1,1 7,9 2,4 1,2 3,3 2,4
24 3,6 2,2 2,2 7,12 5,7 5,15 5,6 1,2 7,9 2,2 1,1 3,3 2,6
24 3,3 2,2 2,2 5,7 4,7 9,10 9,10 1,2 2,7 2,3 1,1 1,1 6,6
24 3,6 2,2 2,2 5,7 2,2 12,16 4,6 1,2 7,9 1,2 1,1 1,3 2,8
24 3,3 2,2 2,2 7,7 4,4 7,8 6,10 2,3 2,8 3,4 1,1 1,1 2,2
24 3,4 2,2 2,2 8,10 4,6 9,9 6,7 2,2 3,9 2,8 1,1 1,3 6,7
24 3,3 2,2 2,2 8,11 4,4 10,15 7,14 1,1 2,11 1,4 1,1 1,3 2,11
24 3,4 1,5 2,3 7,8 4,5 13,15 6,7 1,1 2,2 4,4 1,2 1,3 2,5
24 3,4 1,1 2,2 12,12 4,4 13,13 6,16 2,2 7,9 4,5 1,1 3,3 2,5
24 3,6 2,2 2,2 8,11 5,6 10,15 6,6 1,1 7,7 2,4 1,2 1,3 2,2
24 3,3 2,2 2,2 8,10 3,5 11,13 7,7 1,3 7,9 2,4 1,1 1,1 5,5
24 3,4 2,2 2,2 4,7 4,5 4,11 6,14 1,1 1,7 4,4 1,1 1,1 2,5
25 3,3 2,5 2,2 8,9 2,5 6,11 10,14 1,2 7,7 2,4 1,1 1,3 5,6
25 3,4 1,2 2,2 8,13 5,5 8,14 14,14 1,2 7,7 4,4 1,2 1,4 2,5
25 3,4 1,1 2,2 6,7 5,5 5,8 10,14 1,1 2,2 2,4 2,2 1,1 5,6
25 3,3 2,5 2,2 7,13 3,5 13,14 6,16 2,3 6,7 4,4 1,1 1,3 2,3
25 3,3 1,5 2,2 4,7 4,5 1,12 5,6 1,3 7,7 3,4 1,1 1,1 2,2
25 3,6 2,2 2,2 7,9 4,4 7,13 6,7 2,2 2,2 2,4 1,1 1,1 4,5
25 3,4 1,2 2,2 7,9 3,4 10,10 0,0 1,2 7,9 2,5 1,1 3,3 1,4
25 3,3 2,4 2,4 8,8 4,7 6,9 5,5 1,2 2,2 2,2 1,1 1,1 2,5
25 3,4 2,5 2,2 6,7 4,5 12,12 6,6 1,3 2,7 0,0 1,1 3,3 2,4
25 4,4 2,2 2,2 8,14 4,5 6,12 7,15 1,1 2,3 1,6 1,1 1,3 2,2
25 3,3 2,4 2,2 4,7 7,7 7,12 6,14 1,3 3,7 1,2 1,1 1,3 3,4
25 4,5 1,4 2,2 4,6 0,0 11,13 5,6 1,1 2,7 1,4 1,1 1,3 6,12
25 3,4 2,2 2,2 8,10 4,6 10,13 6,9 1,2 7,7 4,4 1,1 1,1 2,4
25 3,3 1,1 2,2 7,11 3,3 12,12 7,10 1,2 2,7 3,4 1,1 1,1 2,2
25 3,5 2,2 2,2 9,9 3,5 13,15 5,9 1,1 7,7 2,4 1,1 3,3 2,6
25 3,4 2,3 2,2 9,13 2,2 10,10 7,9 1,1 2,7 3,4 1,1 3,3 2,2
25 3,4 2,2 2,2 8,10 3,5 8,9 6,10 2,2 2,7 2,6 1,1 1,3 5,5
25 0,0 2,2 2,2 7,7 3,4 7,9 5,10 1,2 2,4 3,5 1,1 1,3 2,5
25 4,5 2,5 2,2 8,10 3,5 9,12 7,11 1,1 2,9 3,4 1,1 1,3 4,6
25 3,3 1,4 2,2 1,11 2,6 7,8 6,6 1,2 2,2 2,3 1,2 1,3 5,6
27 3,6 2,2 2,2 11,13 2,6 7,8 5,7 1,3 2,2 2,2 1,1 3,3 2,2
27 4,6 1,4 2,2 6,8 2,4 9,11 6,7 1,2 2,7 2,7 1,1 1,2 5,6
27 3,3 2,2 2,2 6,7 4,5 7,9 2,10 1,2 2,9 1,2 1,1 1,3 5,10
27 3,6 2,4 2,2 7,10 4,5 10,10 4,9 1,1 2,7 2,4 1,1 1,1 2,2
27 3,3 2,2 2,2 6,8 2,5 14,14 6,7 1,1 2,9 4,4 1,1 1,3 1,7
27 3,4 4,4 2,2 6,6 2,4 8,10 5,6 1,1 3,9 2,3 1,1 1,3 5,7
27 3,3 2,2 2,2 5,7 2,4 9,10 6,10 1,1 2,3 2,4 1,2 3,3 2,6
27 3,3 1,3 2,2 5,8 4,4 11,13 6,15 1,1 3,9 2,4 1,1 1,3 5,6
27 3,4 2,4 2,2 1,11 4,5 11,13 6,10 1,2 2,7 3,3 1,1 3,3 3,5
27 3,4 1,2 2,2 5,6 4,5 5,8 10,14 1,2 2,7 0,0 1,1 1,2 3,15
27 3,6 0,0 2,2 6,10 4,5 10,10 7,11 1,3 7,9 2,4 2,2 3,3 2,3
27 3,6 2,2 2,2 4,7 4,5 12,13 4,10 1,3 2,7 2,6 1,2 1,1 4,6
27 3,3 2,2 2,2 4,10 4,5 12,12 12,14 1,2 7,7 2,5 1,1 1,3 5,5
27 3,4 2,4 2,2 11,13 4,4 10,10 6,9 1,1 2,9 2,4 1,1 1,1 2,2
27 3,3 2,2 2,2 4,10 4,4 10,10 6,9 1,3 7,9 4,4 1,1 1,4 2,4
27 3,3 1,2 2,2 6,13 2,4 9,12 6,6 2,3 1,2 3,9 1,1 3,3 2,2
27 3,4 2,2 2,2 2,8 4,7 3,10 9,9 1,1 4,7 2,4 1,1 1,3 2,5
27 3,3 1,1 2,2 7,7 3,5 0,0 0,0 1,2 7,7 2,4 1,1 0,0 2,2
27 3,4 2,2 2,2 9,10 5,7 10,10 6,10 1,1 2,7 4,4 1,1 1,1 2,5
27 2,3 1,2 2,3 4,10 2,4 6,13 5,6 3,3 2,7 3,4 1,1 3,3 2,2
0 0,0 0,0 0,0 0,0 0,0 0,0 0,0 0,0 0,0 0,0 0,0 0,0 0,0
GEOGRAPHIC_DISTANCE
18 19 21.8 
18 20 58.3 
18 22 99.4 
18 23 118.1 
18 24 138.6 
18 25 151.2 
18 27 198.8 
19 20 36.5 
19 22 77.6 
19 23 96.3 
19 24 116.8 
19 25 129.4 
19 27 177 
20 22 41.1 
20 23 59.8 
20 24 80.3 
20 25 92.9 
20 27 140.5 
22 23 18.7 
22 24 39.2 
22 25 51.8 
22 27 99.4 
23 24 20.5 
23 25 33.1 
23 27 80.7 
24 25 12.6 
24 27 60.2 
25 27 47.6 
