13 LOCI 16 ALLELES 21 INDIVIDUALS
7 3,4 2,2 2,2 8,10 1,4 9,10 5,8 1,2 1,4 2,4 1,1 1,3 5,5
7 4,7 1,2 2,2 8,11 4,6 13,15 5,5 1,2 6,8 2,5 1,1 1,3 2,5
7 4,4 2,2 2,2 5,12 5,7 5,11 6,15 1,2 1,6 5,7 1,2 1,1 2,2
7 3,3 2,2 2,2 2,5 2,5 12,12 5,13 1,1 6,11 4,4 1,1 1,1 1,6
7 3,4 1,1 2,2 5,8 4,5 9,11 5,6 1,1 1,6 2,5 1,1 3,3 1,2
7 3,4 1,2 2,4 1,5 4,4 8,8 5,5 2,3 6,8 5,8 1,2 3,3 2,5
7 3,3 2,4 2,2 9,11 5,7 7,10 5,6 1,2 6,6 2,5 1,2 3,3 2,2
7 3,4 2,2 2,2 8,11 2,4 13,15 5,15 1,2 1,1 4,5 1,1 1,3 2,2
7 3,3 2,4 2,2 7,9 3,5 8,10 4,13 2,3 6,8 2,5 1,1 3,3 2,5
7 4,4 2,2 2,4 6,10 4,5 10,13 6,9 1,2 6,6 2,5 1,1 3,3 4,5
7 4,4 1,2 2,2 11,11 3,3 8,12 5,5 1,2 1,1 5,5 1,1 1,2 2,5
7 3,4 2,2 2,2 6,9 4,4 10,10 5,7 1,2 1,1 2,5 1,1 1,2 2,3
7 0,0 2,2 2,2 5,8 3,4 10,12 5,9 1,2 8,8 5,5 1,1 3,3 2,3
7 3,7 1,2 2,2 8,12 4,4 11,11 5,6 1,3 1,10 2,4 1,1 1,3 2,4
7 3,5 2,2 2,3 6,8 2,4 10,13 4,15 2,3 1,8 4,5 1,1 1,1 4,5
7 3,7 2,2 2,2 6,13 4,7 10,12 0,0 1,2 6,8 5,5 1,1 2,4 2,2
7 3,4 2,2 2,2 6,9 2,7 12,14 5,15 1,2 1,6 2,5 1,1 3,4 2,2
7 3,3 1,2 2,2 5,11 5,6 10,10 5,15 2,3 1,6 5,5 1,1 3,3 2,11
7 3,3 2,4 2,2 8,10 2,4 10,14 8,13 2,2 1,1 4,5 1,1 3,3 2,3
7 7,7 2,2 2,2 6,7 4,6 10,12 5,9 1,3 1,1 2,4 1,1 3,4 2,12
8 3,4 2,2 2,3 7,8 3,5 6,9 8,15 1,1 1,1 2,5 1,2 1,3 5,5
8 3,4 2,2 2,2 8,8 2,4 9,10 5,9 1,2 1,2 0,0 1,1 1,1 2,2
8 3,6 1,2 2,2 7,7 4,7 11,14 6,9 1,3 1,8 4,8 1,2 1,1 2,2
8 3,4 1,2 2,2 5,6 4,7 5,12 5,15 1,2 3,6 2,5 1,1 3,3 1,5
8 3,3 2,2 2,2 7,8 4,6 7,15 13,15 1,1 1,7 1,2 1,1 1,3 2,2
8 4,6 2,2 2,2 7,9 4,4 12,12 8,13 1,2 2,6 2,5 1,1 3,3 2,3
8 3,4 2,2 2,2 7,12 4,5 8,10 4,16 3,3 6,6 1,5 1,1 3,3 2,5
8 4,7 2,2 2,2 5,6 6,6 12,12 5,13 1,2 1,1 2,4 1,1 3,4 2,4
8 3,3 3,5 2,2 9,10 2,4 4,5 6,8 1,1 1,1 2,6 1,1 1,3 4,5
8 4,6 2,2 2,2 7,13 2,4 14,14 4,5 1,1 1,6 2,5 1,2 1,1 4,5
8 3,3 2,2 2,2 8,14 5,6 12,12 5,15 1,3 1,6 5,5 1,1 1,3 5,6
8 3,3 2,4 2,2 6,8 4,4 8,12 5,13 1,1 1,8 2,4 1,3 3,3 2,4
8 3,5 2,4 2,2 7,7 6,7 8,12 5,5 1,2 6,8 0,0 1,1 1,3 5,5
8 4,6 2,2 2,2 4,11 4,7 7,9 5,15 2,3 6,6 2,5 1,1 1,1 5,5
8 3,3 2,2 2,2 7,7 5,5 1,15 5,9 1,3 1,6 5,5 1,1 1,1 5,5
8 3,4 2,2 2,2 10,13 2,6 11,11 5,9 2,3 2,8 2,5 1,1 1,1 2,4
8 3,7 2,4 0,0 7,9 4,5 7,8 5,5 1,2 1,8 5,5 1,1 1,1 2,5
8 3,4 2,2 2,2 9,9 4,5 12,14 4,4 1,1 1,8 4,5 1,1 1,3 4,4
8 3,4 2,2 2,2 6,8 5,7 9,10 5,5 1,2 1,6 4,5 1,1 1,3 2,4
8 3,5 1,2 2,2 9,10 5,5 8,10 5,9 2,3 1,1 4,5 1,1 1,3 2,5
9 4,6 1,2 2,4 6,7 5,5 8,13 5,11 1,2 1,1 5,7 1,1 1,3 2,3
9 3,4 2,2 2,2 6,7 4,4 10,14 5,13 1,1 6,6 2,4 1,1 3,3 2,2
9 3,4 2,2 2,2 7,8 2,5 11,13 5,7 1,2 1,7 4,5 1,1 1,3 2,2
9 3,3 2,2 2,2 10,13 5,5 5,9 7,13 1,2 6,6 2,4 1,1 3,3 2,5
9 3,3 2,4 2,2 7,7 6,7 7,13 5,12 1,2 1,4 2,5 1,1 1,3 2,5
9 1,4 2,5 2,2 7,13 4,6 8,10 9,9 1,1 1,6 5,5 1,2 1,1 2,4
9 3,4 2,2 2,2 7,8 4,5 6,12 6,9 2,3 1,1 2,5 1,1 1,3 5,5
9 4,4 2,2 2,2 5,6 4,4 6,9 4,8 1,3 1,6 2,2 1,2 1,3 2,4
9 3,4 2,2 2,2 4,9 4,7 8,12 5,7 1,1 1,1 2,2 1,1 1,1 2,5
9 4,4 2,2 2,2 6,8 2,6 6,9 5,6 1,1 6,6 2,5 1,1 1,1 2,6
9 3,3 2,4 2,2 5,7 2,4 0,0 6,13 2,2 2,8 4,5 1,1 1,3 2,5
9 3,6 1,2 2,2 9,10 4,4 10,14 6,8 1,1 1,6 2,5 1,1 1,3 2,5
9 3,3 2,2 2,3 10,11 3,4 6,9 5,5 1,3 1,6 2,5 1,1 1,3 2,10
9 3,3 2,2 2,2 8,11 4,4 10,11 3,13 1,2 1,1 4,5 1,1 3,3 2,11
9 4,4 1,2 2,2 6,12 4,6 9,10 6,13 1,3 6,8 2,2 1,1 3,3 2,6
9 3,3 2,2 2,2 5,8 2,4 9,10 5,13 1,2 1,6 2,4 1,1 1,3 5,6
9 3,4 2,2 2,2 8,9 2,4 10,10 5,5 1,3 1,11 5,8 1,1 3,3 2,2
9 6,7 1,2 2,2 3,8 2,4 7,15 5,5 1,2 1,6 5,5 1,2 1,3 2,5
9 3,4 2,4 2,2 6,8 4,5 11,14 10,13 1,1 1,6 0,0 1,1 1,3 5,5
9 3,5 2,4 2,2 5,5 5,7 10,14 8,9 1,3 1,5 1,8 1,1 3,3 2,2
10 3,3 2,2 2,4 9,10 4,5 11,13 4,6 1,1 1,6 4,4 1,1 1,1 2,5
10 3,4 2,2 2,2 8,9 5,6 10,10 3,10 1,2 1,6 2,5 1,1 1,3 2,2
10 3,3 2,2 2,2 6,11 4,7 7,14 5,9 2,3 6,6 2,4 1,1 1,3 5,5
10 3,4 2,2 2,2 4,8 2,2 8,12 5,8 1,2 2,6 5,5 1,2 1,3 2,5
10 6,6 2,2 2,2 7,7 4,4 12,13 6,13 2,3 1,1 2,5 1,1 2,3 2,4
10 3,3 4,4 2,2 6,8 5,6 6,11 5,8 1,1 1,8 2,5 1,1 1,3 4,5
10 3,3 2,2 2,2 7,13 2,2 9,13 4,13 3,3 1,6 2,5 1,1 1,3 5,5
10 4,6 2,2 1,2 10,12 4,4 12,13 5,5 2,3 6,8 4,5 1,1 1,1 2,3
10 3,4 2,4 2,2 7,11 3,4 8,11 5,9 2,3 1,9 4,5 1,1 1,1 5,5
10 3,4 1,2 2,3 4,9 2,3 11,14 4,5 1,2 1,6 5,5 1,1 1,1 5,6
10 3,3 2,2 2,2 1,8 2,4 10,11 5,6 1,3 6,6 2,5 1,1 3,3 2,4
10 3,4 2,2 2,2 6,8 4,5 8,11 9,14 1,3 1,8 5,5 1,2 3,3 5,6
10 4,4 2,2 2,2 5,9 4,5 8,11 5,5 2,2 1,1 4,4 1,2 1,3 2,2
10 3,5 2,4 2,2 7,11 4,7 9,12 5,7 1,1 1,8 2,5 1,1 1,3 2,5
10 3,4 2,4 2,2 7,11 4,7 7,15 5,6 1,3 1,6 0,0 1,1 3,3 6,9
10 3,3 1,4 2,2 6,9 5,7 7,10 5,7 1,1 1,6 2,5 1,1 1,1 1,4
10 2,2 2,2 2,2 9,10 2,6 9,12 13,13 2,2 6,9 1,1 1,1 1,3 11,11
10 3,4 2,2 2,2 5,6 2,4 2,9 1,5 1,3 1,2 1,4 1,1 1,4 2,5
10 0,0 2,4 2,4 8,11 4,5 8,10 5,13 2,2 1,6 2,5 1,1 3,3 2,2
10 3,5 2,2 2,2 9,11 4,7 7,13 5,15 1,2 6,6 4,5 1,1 1,1 2,2
11 3,4 2,2 2,2 7,10 3,4 2,11 0,0 1,2 1,8 0,0 1,1 3,4 2,2
11 3,3 2,3 2,2 5,5 4,7 5,15 3,6 1,2 6,8 5,5 1,2 1,3 2,6
11 4,4 2,2 2,2 6,7 4,4 8,10 5,8 1,3 1,6 2,5 1,1 2,3 2,2
11 3,3 2,2 2,3 11,11 4,4 7,10 8,13 1,3 1,6 2,2 1,1 1,4 2,4
11 4,4 2,5 2,2 4,11 4,4 10,12 7,9 3,3 1,1 2,4 1,2 1,1 2,6
11 3,6 1,2 2,2 8,11 4,4 9,14 5,5 2,2 1,8 2,4 1,1 3,3 2,2
11 3,4 2,2 2,2 7,11 2,4 11,12 5,15 1,3 6,6 4,7 1,1 1,1 2,5
11 3,4 1,2 2,2 7,7 2,4 9,11 5,5 1,2 1,1 2,5 1,1 1,3 2,6
11 4,4 2,4 2,2 7,13 2,4 6,7 5,9 2,2 1,1 1,8 1,2 1,3 5,8
11 3,4 2,2 2,2 7,8 4,5 9,10 5,13 1,1 1,6 2,8 1,1 3,3 2,5
11 3,3 2,2 2,2 7,9 3,4 12,15 5,8 1,3 1,6 2,2 1,2 1,1 2,4
11 3,6 2,5 2,2 5,14 2,6 3,9 5,5 1,2 1,8 2,5 1,2 1,3 1,2
11 3,6 1,2 2,2 7,9 5,5 7,12 4,9 1,3 1,6 2,5 1,1 3,4 2,2
11 3,4 2,2 2,2 7,10 3,4 10,10 5,9 1,3 1,8 7,7 1,1 1,3 2,7
11 0,0 2,2 2,2 8,10 7,7 7,12 5,7 3,3 1,3 0,0 1,1 1,2 4,5
11 3,4 2,2 2,2 7,8 4,5 7,15 5,13 1,3 2,6 6,8 1,1 1,3 5,5
11 3,3 2,2 2,2 7,11 4,4 7,10 3,5 1,1 6,6 5,10 1,1 1,1 2,5
11 3,3 2,2 2,2 4,9 4,4 6,12 4,9 1,1 1,6 5,5 1,1 1,3 2,5
11 3,3 2,2 2,2 8,9 4,4 10,13 5,5 2,2 1,1 2,5 1,2 1,1 2,5
11 3,3 2,2 2,2 4,6 2,7 13,14 5,9 1,1 1,1 2,5 1,1 1,1 5,6
13 3,3 2,2 2,2 6,8 5,5 7,11 5,6 1,2 6,6 5,5 1,1 1,4 4,5
13 3,4 2,4 2,2 7,8 4,4 11,12 5,6 3,3 6,8 5,5 1,1 2,3 2,2
13 3,3 1,2 2,2 7,9 2,4 5,9 6,13 2,2 3,6 2,4 1,1 1,3 2,2
13 3,4 2,2 2,2 7,7 5,6 10,10 5,6 1,2 8,8 1,5 1,2 3,3 4,6
13 3,4 2,4 2,2 4,13 4,6 4,10 13,15 2,3 1,1 4,5 2,2 1,1 5,5
13 4,5 1,2 2,2 9,10 2,7 9,13 5,5 1,3 1,1 5,5 1,1 1,1 2,2
13 3,3 2,2 2,2 8,8 4,4 12,13 0,0 1,1 1,6 5,5 1,2 1,3 2,5
13 6,6 2,2 2,3 7,7 2,4 7,9 6,10 1,2 6,6 5,5 1,2 3,3 4,5
13 3,4 1,2 2,2 6,13 4,5 7,9 8,13 1,2 1,8 0,0 1,2 1,1 2,5
13 4,7 2,2 2,2 7,8 2,6 6,13 5,5 2,2 1,8 2,5 1,1 1,3 2,2
13 3,4 2,2 2,2 7,7 2,3 10,12 5,13 1,3 1,2 2,5 1,2 1,4 2,5
13 3,4 1,2 2,2 9,13 2,5 7,9 5,13 1,3 6,6 5,5 1,2 1,3 5,5
13 3,3 1,2 2,3 6,7 2,4 10,13 3,4 1,2 1,6 2,5 1,1 1,1 2,2
13 3,3 2,5 2,2 10,11 5,7 11,13 5,15 1,1 1,8 5,7 1,1 1,1 2,5
13 4,6 2,2 2,2 8,12 2,7 9,11 6,9 1,3 6,6 1,2 1,1 1,1 2,5
13 3,4 2,2 2,2 6,6 3,4 7,8 6,14 1,1 6,6 5,6 1,2 1,3 1,6
13 3,3 4,4 2,2 6,10 1,5 12,13 6,8 1,3 6,6 2,5 1,1 1,1 2,5
13 3,4 2,2 2,2 7,8 4,4 9,10 5,13 1,3 1,6 1,5 1,1 1,1 6,6
13 3,3 1,2 2,2 4,6 5,5 9,14 4,5 1,3 1,6 2,4 1,1 3,3 5,12
13 3,5 2,5 2,2 7,11 2,4 9,10 6,7 1,3 6,6 2,5 1,2 1,3 2,2
14 3,4 2,2 2,2 7,8 4,6 9,11 5,15 1,2 1,8 2,5 1,1 1,3 5,6
14 3,3 2,2 2,2 7,7 1,2 9,12 7,8 2,3 1,6 1,4 1,1 1,1 2,5
14 4,6 2,2 2,2 4,7 2,7 10,14 4,5 3,3 1,6 0,0 1,1 1,1 5,5
14 3,4 2,2 2,2 5,10 3,7 8,11 6,7 1,2 6,6 2,5 1,1 1,1 5,6
14 3,3 2,2 2,2 8,13 2,4 9,12 10,13 1,1 1,6 2,2 1,1 1,3 1,6
14 3,4 2,2 2,2 6,9 1,5 10,11 5,6 2,3 6,7 2,5 1,1 2,4 2,6
14 3,4 2,5 2,2 8,8 2,5 7,10 5,13 1,1 1,6 5,6 1,1 1,3 2,6
14 3,3 2,4 2,2 8,9 2,4 10,14 5,8 0,0 6,6 2,5 1,1 1,3 2,5
14 3,6 2,2 2,2 5,6 3,4 9,10 8,13 2,2 5,6 0,0 1,1 1,3 5,5
14 4,6 2,2 2,2 5,9 4,5 7,7 5,15 2,3 1,1 2,2 1,1 1,3 2,2
14 4,4 2,2 2,2 7,13 5,6 6,11 6,7 1,2 1,8 2,5 1,1 1,3 3,5
14 6,6 2,2 2,2 7,8 2,4 5,10 5,14 1,2 1,8 2,4 1,1 1,3 2,11
14 3,5 2,5 2,2 9,10 4,5 4,9 4,8 1,3 1,1 2,4 1,1 1,3 2,2
14 3,3 2,2 2,4 5,6 4,5 7,15 5,7 0,0 1,8 5,5 1,2 1,2 2,2
14 3,6 1,2 2,2 7,13 4,7 11,13 2,7 1,2 1,11 1,5 1,3 3,3 2,5
14 3,6 2,2 2,2 6,9 2,4 7,11 5,9 2,3 1,1 2,5 1,1 1,1 1,2
14 6,6 2,2 2,2 6,7 2,3 9,12 4,5 1,1 1,6 5,5 1,2 1,3 3,4
14 6,6 2,3 2,4 6,7 2,7 9,10 5,5 1,1 1,1 2,5 1,1 1,1 2,5
14 3,6 2,5 2,2 1,8 4,6 11,13 6,8 1,1 6,6 2,5 1,1 3,3 2,5
14 3,3 2,4 2,2 6,8 3,5 9,12 5,13 2,3 7,8 4,5 1,1 1,3 4,5
14 3,5 2,2 2,2 9,13 4,5 7,13 4,15 1,2 1,6 2,4 2,3 1,2 2,7
15 3,3 1,4 2,2 7,9 2,4 10,11 0,0 1,2 1,2 5,7 1,1 1,3 2,3
15 3,4 2,3 2,3 4,7 2,7 4,10 8,13 1,1 1,6 2,5 1,1 3,3 2,5
15 4,5 2,2 2,2 4,8 2,5 10,10 5,13 2,2 8,8 4,7 1,2 3,3 2,2
15 3,4 2,3 2,2 6,7 4,4 9,10 5,13 3,3 1,2 5,7 1,1 1,3 2,5
15 3,5 2,3 2,2 7,7 4,5 14,16 4,10 1,2 1,8 2,5 1,1 1,1 2,10
15 3,3 1,2 2,2 7,7 4,6 13,13 3,6 2,2 1,2 2,5 1,1 1,2 5,5
15 4,6 2,2 2,2 6,9 2,4 9,10 5,9 2,3 1,1 2,8 1,1 1,1 5,5
15 3,4 2,2 2,2 3,10 4,4 8,15 9,10 1,2 1,1 2,2 1,1 1,1 2,6
15 3,3 1,2 2,2 6,10 2,2 10,13 4,9 3,3 1,6 5,5 1,2 1,1 5,5
15 3,4 2,2 2,2 8,12 2,4 10,11 5,5 1,2 1,1 3,5 1,1 1,1 2,2
15 4,4 2,3 2,2 6,12 4,6 12,13 5,6 3,3 8,8 2,4 1,1 1,3 2,6
15 3,6 2,2 2,4 6,8 4,7 9,10 5,15 1,2 1,1 5,5 1,2 1,3 2,5
15 3,4 2,4 2,2 4,13 2,4 10,11 4,6 1,1 1,8 2,5 1,1 3,3 2,2
15 3,4 1,2 2,2 12,13 4,5 7,13 5,8 1,1 1,6 2,4 1,2 3,3 2,4
15 0,0 1,1 2,2 7,8 4,7 9,13 4,5 1,1 2,6 2,4 1,1 3,3 4,5
15 3,6 2,4 2,2 2,7 2,5 10,12 5,8 1,2 1,8 1,5 1,2 1,1 2,4
15 3,4 2,4 2,2 8,12 2,2 7,8 5,8 1,3 1,9 5,5 1,2 3,4 2,6
15 3,3 2,2 2,2 7,7 4,6 7,8 4,10 1,2 1,6 5,5 1,1 1,1 5,5
15 3,4 1,2 2,2 5,6 4,5 10,14 0,0 1,1 1,6 5,5 1,1 1,1 1,2
15 3,4 2,2 2,2 5,10 2,5 11,15 5,6 1,3 6,6 2,4 1,1 1,3 5,6
15 3,6 2,2 2,2 7,13 2,4 9,11 4,13 2,2 4,11 5,5 1,1 1,1 2,4
16 3,6 4,5 2,2 3,7 4,5 4,13 8,9 2,3 6,6 1,5 1,2 3,3 3,5
16 4,4 2,2 2,4 5,7 4,4 9,12 4,8 2,2 6,6 5,5 1,1 1,3 5,11
16 3,6 2,2 2,2 8,8 7,7 8,9 5,9 2,3 1,6 2,4 1,1 1,3 2,2
16 3,4 1,1 2,2 6,9 4,5 11,13 5,6 1,2 1,6 2,8 1,1 3,3 2,5
16 3,6 1,1 2,2 6,6 5,6 9,11 3,6 1,1 1,6 5,5 1,1 3,4 5,10
16 3,4 2,2 2,2 8,10 1,2 8,10 5,5 2,3 1,8 5,5 1,1 1,3 1,2
16 4,4 2,5 2,2 12,14 3,7 10,13 5,7 1,1 6,6 5,5 1,1 1,3 2,3
16 3,3 2,2 2,2 8,10 2,4 7,11 4,4 1,3 6,8 5,5 1,1 3,3 2,6
16 3,4 2,5 2,2 5,9 4,4 6,12 5,13 2,3 6,8 2,5 1,1 1,3 2,2
16 3,4 2,2 2,2 5,7 4,4 6,10 5,9 1,3 1,6 2,5 1,1 1,1 6,7
16 3,3 2,2 2,3 9,10 2,2 7,10 4,5 2,3 6,8 5,5 1,1 1,3 5,5
16 3,3 1,2 1,2 7,8 2,4 10,12 4,9 1,2 1,6 5,5 1,1 3,3 2,2
16 3,4 2,4 2,2 3,7 4,4 6,11 5,8 1,1 1,4 0,0 1,1 1,1 2,2
16 4,6 2,2 2,3 7,9 5,6 7,12 3,6 1,3 1,1 5,9 1,2 3,3 2,5
16 3,3 2,2 2,2 7,13 4,6 10,13 5,5 1,1 7,8 2,2 1,1 1,1 3,5
16 3,3 2,2 2,2 1,6 1,5 8,10 9,13 1,2 1,6 2,4 1,1 1,3 5,12
16 3,6 1,5 2,2 5,8 4,4 8,10 5,5 1,3 2,8 2,5 1,1 1,4 2,5
16 3,6 2,4 2,2 6,8 5,7 8,14 5,8 1,1 6,8 2,5 1,1 1,1 2,2
16 3,5 2,2 0,0 6,12 2,5 7,9 4,5 1,2 1,6 5,5 1,1 1,2 2,3
16 3,4 3,3 2,2 8,11 4,4 8,8 4,7 1,1 1,8 2,4 1,1 1,1 1,5
17 4,5 1,3 2,2 7,8 2,4 11,11 5,13 1,3 8,8 1,4 1,1 1,3 1,4
17 3,4 1,2 2,2 8,11 5,6 10,14 6,13 3,3 6,8 2,5 1,2 1,3 2,13
17 3,3 2,2 2,2 7,8 3,4 12,12 6,9 2,3 1,6 4,5 1,1 1,1 5,5
17 3,4 2,3 2,2 5,8 2,2 7,11 4,6 1,1 2,6 2,5 1,1 3,3 2,6
17 3,4 2,2 2,2 1,9 2,4 11,12 3,11 1,3 1,6 2,5 1,1 1,2 2,5
17 3,6 2,2 2,3 8,8 2,4 6,9 6,13 1,3 1,1 5,7 1,1 1,1 5,11
17 3,5 4,4 2,2 5,7 4,4 8,15 3,13 1,3 1,1 2,5 1,1 1,3 2,5
17 3,4 2,4 2,2 6,11 2,4 10,11 4,7 2,3 1,6 5,5 1,1 1,3 2,4
17 4,4 1,2 2,2 7,9 6,7 9,10 9,13 1,2 1,1 2,4 1,1 1,2 5,6
17 3,3 2,2 2,2 8,8 1,4 12,13 8,9 1,2 1,1 5,5 1,2 1,3 5,5
17 4,4 2,5 2,2 7,9 2,4 11,11 4,15 1,2 1,6 0,0 1,1 3,3 1,2
17 3,4 2,2 2,2 6,11 2,3 7,7 4,5 1,2 1,1 2,4 1,1 1,1 2,13
17 3,4 2,2 2,2 5,7 4,6 9,11 5,13 2,3 4,8 0,0 1,2 1,2 2,2
17 3,4 2,2 2,2 5,8 2,4 11,13 5,5 1,2 4,6 2,9 1,1 1,1 2,2
17 3,4 2,4 2,2 10,11 2,4 11,15 5,13 1,1 6,6 2,5 1,1 3,3 0,0
17 3,3 2,2 2,4 7,8 5,5 6,9 2,13 2,3 1,8 5,5 1,1 1,3 5,6
17 3,4 2,2 2,2 7,10 2,7 10,13 1,13 1,1 6,6 4,5 1,1 1,3 2,9
17 3,4 2,2 2,2 6,13 4,4 5,10 5,5 2,3 1,9 4,5 1,1 1,3 2,2
17 3,3 2,4 2,2 6,9 3,6 8,12 13,13 2,3 3,6 4,7 1,1 1,3 5,5
17 3,3 2,2 2,3 7,10 2,6 11,15 5,15 1,2 1,1 5,6 1,1 3,4 5,6
0 0,0 0,0 0,0 0,0 0,0 0,0 0,0 0,0 0,0 0,0 0,0 0,0 0,0
GEOGRAPHIC_DISTANCE
7 8 32.3 
7 9 62.6 
7 10 83.3 
7 11 108.3 
7 13 164.2 
7 14 187.3 
7 15 204.7 
7 16 236.9 
7 17 253.9 
8 9 30.3 
8 10 51 
8 11 76 
8 13 131.9 
8 14 155 
8 15 172.4 
8 16 204.6 
8 17 221.6 
9 10 20.7 
9 11 45.7 
9 13 101.6 
9 14 124.7 
9 15 142.1 
9 16 174.3 
9 17 191.3 
10 11 25 
10 13 80.9 
10 14 104 
10 15 121.4 
10 16 153.6 
10 17 170.6 
11 13 55.9 
11 14 79 
11 15 96.4 
11 16 128.6 
11 17 145.6 
13 14 23.1 
13 15 40.5 
13 16 72.7 
13 17 89.7 
14 15 17.4 
14 16 49.6 
14 17 66.6 
15 16 32.2 
15 17 49.2 
16 17 17 
