1
10000
2
0
13
7,5,4,14,8,18,17,3,12,11,3,4,14
2
0,1
0,0,33,6,1,4,0
6,33,1,1,1
1,40,3,0
1,0,0,2,4,5,8,11,2,3,3,0,4,1
1,5,4,14,14,2,4,0
0,0,0,0,0,1,1,3,6,4,9,8,3,5,1,2,1,0
0,1,1,2,5,14,6,2,2,3,0,0,0,5,1,0,0
18,15,11
0,12,2,0,0,0,20,0,10,0,0,0
5,10,0,7,17,1,1,2,1,0,0
39,5,0
24,0,19,1
5,11,0,3,14,5,2,1,1,1,1,0,0,0
0,0,16,8,0,2,0
1,19,1,3,2
0,24,2,0
0,0,0,2,2,1,5,7,1,1,6,1,0,0
0,2,1,10,7,2,4,0
0,1,1,0,2,2,0,0,2,3,3,6,2,2,0,2,0,0
0,0,0,0,2,10,4,0,0,0,0,0,0,8,0,0,0
15,7,4
1,7,2,1,1,1,6,0,5,0,0,2
1,8,0,1,14,1,0,0,1,0,0
23,3,0
14,1,11,0
0,10,0,4,4,5,1,0,0,0,1,1,0,0
2,4,352,206,26,66,12
78,497,16,57,26
2,641,17,14
9,4,6,31,48,90,135,123,73,56,48,16,32,5
9,121,44,273,117,46,61,1
1,2,4,2,6,16,25,52,55,91,128,92,79,56,36,21,2,2
3,3,4,15,58,221,87,19,45,67,10,4,3,83,5,28,1
348,189,137
3,284,21,9,10,5,229,5,100,6,1,5
29,196,1,88,278,15,16,13,3,1,1
597,77,4
343,24,287,22
23,289,23,53,190,56,6,2,3,2,4,11,4,5
1
