1
10000
2
3
13
7,5,4,14,8,18,17,3,12,11,3,4,14
2
0,1
1,0,19,17,0,6,1
3,31,1,3,4
0,43,1,0
0,0,1,0,4,7,8,10,6,2,2,2,1,1
1,7,6,20,4,1,5,0
0,0,0,0,0,2,2,3,4,7,4,8,3,3,5,2,0,1
1,0,0,2,3,11,10,0,3,5,0,0,0,7,0,1,1
27,11,6
1,19,1,1,0,1,12,0,7,1,0,1
1,17,0,5,15,2,1,1,0,0,0
37,6,1
13,5,25,1
3,25,1,3,9,2,0,0,0,0,0,0,1,0
0,0,8,11,0,0,1
2,17,1,0,0
0,19,1,0
0,0,0,0,2,3,2,5,4,2,2,0,0,0
0,2,2,11,2,1,2,0
0,0,0,0,0,0,0,1,1,3,5,3,4,1,1,0,1,0
0,0,0,0,1,6,5,0,0,2,1,0,0,4,0,1,0
10,3,7
1,11,0,0,0,0,5,0,3,0,0,0
0,7,0,4,7,0,1,0,0,0,1
16,4,0
12,1,7,0
1,6,0,3,7,1,0,0,0,0,0,2,0,0
1,4,375,188,26,66,10
81,499,16,57,25
3,641,20,14
10,3,5,35,49,83,138,127,66,54,53,17,35,5
9,116,40,271,132,49,60,1
1,3,5,2,8,15,24,52,60,87,130,95,76,61,30,23,2,0
1,4,5,15,63,227,82,20,44,61,9,4,3,86,6,27,0
337,202,139
2,274,24,9,11,5,236,6,103,5,1,6
34,188,1,89,287,15,15,14,5,1,0
606,73,3
354,19,285,22
24,279,22,52,191,64,9,3,4,3,6,10,3,5
1
