1
10000
2
1
13
7,5,4,14,8,18,17,3,12,11,3,4,14
2
0,1
0,0,10,3,0,2,1
2,13,0,1,0
0,14,0,0
0,0,0,0,1,2,7,3,2,0,0,0,0,1
0,0,0,6,5,2,3,0
1,0,0,0,0,1,0,2,1,1,1,1,5,0,1,2,0,0
0,0,0,0,0,7,1,0,1,2,0,0,0,2,0,3,0
9,4,3
0,6,1,1,0,0,5,1,2,0,0,0
1,3,0,2,9,0,0,1,0,0,0
15,1,0
9,0,7,0
1,7,1,1,5,1,0,0,0,0,0,0,0,0
0,0,6,5,1,1,1
1,11,1,0,1
0,13,1,0
0,0,0,0,1,1,2,3,2,3,0,0,2,0
0,4,1,3,3,3,0,0
0,0,0,0,1,1,1,0,1,2,2,2,2,0,2,0,0,0
0,0,0,0,1,5,1,0,2,3,0,0,0,1,0,1,0
8,4,2
0,10,2,0,0,0,1,0,1,0,0,0
0,5,0,2,4,1,0,0,0,0,0
12,2,0
9,0,4,1
0,5,0,4,5,0,0,0,0,0,0,0,0,0
2,4,383,210,25,68,10
85,520,17,58,28
3,674,21,14
10,4,6,36,53,92,138,134,70,57,55,18,34,5
10,124,48,288,128,45,64,1
0,3,5,2,7,17,25,53,61,95,135,102,74,66,33,23,3,2
3,4,5,16,63,231,96,21,44,66,10,4,3,92,6,24,1
358,207,145
4,287,22,9,11,6,246,5,110,6,1,7
33,206,1,91,295,17,17,14,5,1,1
629,82,3
363,25,302,22
28,299,22,52,194,67,9,3,4,3,6,11,4,5
1
