1
10000
2
1
13
4,4,11,4,15,17,7,9,16,5,6,17,2,5,4,5,7
2
0,1
0,2,4,0
3,1,0,0
0,0,3,0,0,2,0,1,0,0,0
0,3,3,0
0,0,4,0,0,1,0,0,0,0,1,0,0,0,0
2,0,1,0,1,0,0,1,0,0,0,0,1,0,0,0,0
2,1,1,2,0,0,0
1,1,2,0,0,0,0,2,0
4,0,0,0,0,0,0,0,0,1,0,1,0,0,0,0
0,4,0,0,0
0,2,1,1,0,0
2,0,0,1,1,0,2,0,0,0,0,0,0,0,0,0,0
3,3
4,0,2,0,0
0,6,0,0
1,3,0,2,0
0,0,0,0,3,3,0
2,2,9,1
6,6,1,1
0,0,2,2,0,5,2,1,0,1,1
2,9,2,1
0,0,4,0,0,2,0,1,2,0,1,1,0,0,1
4,3,0,0,0,0,0,0,0,1,2,0,1,1,0,0,1
4,4,1,4,0,0,1
2,0,2,0,4,1,0,3,0
9,1,1,1,2,0,0,0,0,0,0,0,0,0,0,0
2,12,0,0,0
4,4,0,2,2,2
1,0,0,1,2,0,3,2,0,1,1,0,1,1,1,0,0
2,12
4,0,3,5,0
3,9,1,1
4,4,3,1,2
1,0,3,1,3,3,1
0,78,182,16
136,130,0,0
2,7,105,9,23,89,4,26,9,0,0
0,182,88,2
23,2,86,2,11,31,13,0,45,1,18,12,2,2,26
47,66,14,11,18,2,5,19,8,0,31,1,15,10,2,1,24
53,105,42,63,4,9,0
54,22,83,6,42,30,6,31,2
149,31,0,0,43,5,2,5,1,1,9,8,6,5,5,7
0,196,23,52,9
13,134,22,74,19,7
56,7,3,45,24,12,34,31,16,6,5,4,5,5,5,4,1
107,173
107,8,102,61,1
32,246,0,0
71,150,27,32,0
0,2,40,27,75,95,14
1
