1
10000
3
0
13
7,5,4,14,8,18,17,3,12,11,3,4,14
2
0,1
0,0,45,11,3,5,0
11,46,1,3,3
1,61,3,1
2,0,0,2,4,6,13,17,7,5,4,0,5,1
1,7,9,19,22,3,5,0
0,0,0,0,0,2,3,6,10,8,11,9,4,7,2,3,1,0
0,1,1,2,9,18,8,2,3,7,1,0,0,9,1,0,0
30,25,11
0,23,2,1,0,0,28,0,12,0,0,0
5,19,0,10,24,3,2,2,1,0,0
57,9,0
36,0,28,2
6,15,0,6,23,10,2,1,1,1,1,0,0,0
0,0,27,14,1,2,0
5,27,2,5,5
0,42,2,0
0,0,0,5,2,3,10,9,2,2,7,1,2,1
0,4,4,14,11,3,6,0
0,2,1,0,2,2,1,1,2,3,6,7,9,5,1,2,0,0
0,0,0,0,4,17,7,0,2,1,0,0,0,9,1,1,0
26,10,8
1,12,4,1,1,2,16,0,5,0,0,2
4,9,0,4,22,1,1,0,1,0,0
41,3,0
24,1,19,0
0,21,2,7,4,6,1,0,0,0,1,2,0,0
2,4,329,195,23,65,12
69,476,15,53,21
2,602,17,13
8,4,6,28,48,87,125,115,67,53,46,16,29,4
9,117,36,264,105,44,58,1
1,1,4,2,6,15,22,48,51,87,123,90,71,51,34,20,2,2
3,3,4,15,52,210,82,19,42,62,9,4,3,78,4,27,1
325,176,133
3,268,19,8,10,4,211,5,98,6,1,5
26,186,1,82,263,13,14,13,3,1,1
561,73,4
321,24,270,21
22,274,21,47,181,50,6,2,3,2,4,10,4,5
1
