1
10000
2
1
13
7,5,4,14,8,18,17,3,12,11,3,4,14
2
0,1
0,0,11,5,0,4,0
6,9,0,3,2
1,18,0,1
1,0,2,0,2,5,4,4,1,1,0,0,0,0
2,2,0,9,5,1,1,0
0,0,0,0,1,0,1,0,4,2,4,3,2,2,1,0,0,0
0,0,0,1,2,7,2,0,4,3,0,0,0,1,0,0,0
10,7,3
0,6,1,0,1,0,9,0,3,0,0,0
1,4,0,1,11,0,0,1,0,0,0
19,1,0
8,0,10,2
1,9,1,0,6,0,0,0,0,0,1,1,1,0
0,0,10,6,1,1,0
0,14,2,0,2
0,14,2,0
0,0,0,0,2,1,3,2,3,2,1,2,1,1
0,4,1,8,2,2,1,0
0,0,0,0,0,0,2,4,2,1,4,1,2,2,0,0,0,0
0,0,0,1,5,7,1,2,0,1,0,0,0,1,0,0,0
10,3,5
0,5,0,0,0,0,7,1,5,0,0,0
0,5,0,1,11,0,0,0,1,0,0
17,1,0
10,1,7,0
1,6,3,0,5,2,1,0,0,0,0,0,0,0
0,0,28,18,3,3,0
7,36,3,8,0
0,51,1,2
1,1,1,1,4,6,13,10,4,4,4,4,1,0
0,17,2,19,6,7,3,0
0,0,0,0,0,0,1,6,5,5,10,11,4,7,1,4,0,0
0,1,1,3,5,17,4,1,3,2,2,1,0,10,0,2,0
23,18,13
0,23,4,1,2,0,13,0,10,1,0,0
2,14,1,8,21,1,3,1,1,0,0
47,7,0
27,3,22,2
1,22,1,5,14,6,0,0,1,0,0,0,0,2
1
