// PRBI_create_cebu_2009-10-31
96	1	2	16	3	2
0
Individual	Population	Spatial1	Spatial2	Locus-1	Locus-2	Locus-3	Locus-4	Locus-5	Locus-6	Locus-7	Locus-8	Locus-9	Locus-10	Locus-11	Locus-12	Locus-13	Locus-14	Locus-15	Locus-16
PRBI51	Pop1	534316.321795376	1040687.41889068	020020	001002	003009	004005	007009	001005	0090010	001001	002002	001002	021022	002002	001007	002002	005005	000000
PRBI71	Pop1	534681.46031409	1040558.34458592	020020	002002	006006	004004	003021	001002	006009	001021	002004	002005	020022	002002	001012	001002	006007	007007
PRBI72	Pop1	534681.46031409	1040558.34458592	020020	002002	003004	004004	001005	003005	001009	001029	002004	001002	017022	002002	007007	002002	004004	005009
PRBI73	Pop1	536100.912266438	1040335.06574444	020020	001002	003005	004005	006021	002002	0060010	023023	002004	002005	022032	002002	007012	002002	004005	005009
PRBI74	Pop1	536100.912266438	1040335.06574444	019020	002002	003003	004004	005016	003007	0060010	021032	002005	002005	018018	002002	007007	002002	005005	005005
PRBI75	Pop1	533862.883054189	1040867.35556111	019020	002002	002006	004004	003006	005005	002006	001001	003005	002006	016029	001002	007007	002002	005006	007009
PRBI76	Pop1	533862.883054189	1040867.35556111	019020	001001	003006	004005	001003	001002	002006	001021	002004	000000	000000	002002	007012	002002	005005	005005
PRBI77	Pop1	533885.171565275	1040865.39670222	019020	001002	003006	005005	003021	003003	001001	001002	002002	001002	001017	002002	001007	002002	005006	0070010
PRBI78	Pop1	534007.036216529	1040789.85886172	019020	001001	0030010	005005	003005	002009	001009	021031	002004	002006	001024	001002	001007	002002	004004	005009
PRBI79	Pop1	534007.036216529	1040789.85886172	020020	001002	003003	005005	015021	002002	001006	001002	002002	002005	000000	001001	001012	002002	005005	009009
PRBI80	Pop1	534067.919492292	1040758.09175223	020020	001002	003006	004004	003003	002005	006006	001021	002002	002002	000000	001001	001012	002002	005005	005009
PRBI81	Pop1	534237.232962975	1040697.27349153	020020	001002	004006	004004	001003	001002	013014	001021	002002	002005	025033	001002	001007	002002	005005	005005
PRBI82	Pop1	534355.973900307	1040666.42717428	020020	001002	002003	004004	003003	002009	0050010	001001	002004	002005	015018	002002	001007	002002	005005	005005
PRBI83	Pop1	534388.560067966	1040652.84519555	020020	001002	003003	004005	003007	002002	0010010	001001	002002	002002	001024	001002	001003	001002	005006	0070010
PRBI84	Pop1	538086.671286701	1041127.06617709	020020	000000	003009	004005	009021	001002	001001	001033	002004	004005	017018	001002	001001	002002	004006	005009
PRBI85	Pop1	537941.611894501	1041036.14860975	020020	001001	006009	004004	001003	003003	009013	001001	002002	002004	000000	002002	007007	002002	005006	0050010
PRBI137	Pop1	553227.732130072	1065221.82151076	019020	001002	003003	004004	003006	000000	006006	001001	002002	002005	025033	001002	001007	002002	007007	009009
PRBI138	Pop1	553227.732130072	1065221.82151076	019020	001002	006009	004005	003006	002003	001001	001021	002004	002002	021021	001002	007012	002002	005005	000000
PRBI146	Pop1	553515.847343134	1065888.96746666	000000	000000	000000	006006	003021	002002	013013	001001	003004	002005	017017	001002	001001	001001	004005	000000
PRBI147	Pop1	553765.182022436	1066538.27413953	019020	001001	003007	004005	002009	003005	00100010	001002	002002	002005	022037	001002	001012	002002	004005	007009
PRBI148	Pop1	553765.182022436	1066538.27413953	020020	002002	003005	004005	003021	001005	0060010	031036	002005	005007	017026	002002	001007	001002	005005	005009
PRBI149	Pop1	551976.744475182	1062000.72061853	020021	001002	003003	004004	0030010	003009	006013	001021	003004	002002	017022	001002	001012	002002	005007	000000
PRBI150	Pop1	552047.544934295	1062268.0285893	019020	001002	003006	004004	003009	001005	006006	001021	002003	002005	001024	001002	007012	001002	005005	005009
PRBI151	Pop1	552047.544934295	1062268.0285893	020020	001002	003006	004005	003006	002005	001001	031034	002002	004005	017018	001002	001012	002002	004004	009009
PRBI152	Pop1	552072.936158978	1062363.07113877	020020	001002	003006	004004	003009	002009	0060010	001002	002005	004005	001001	002002	001001	002002	005007	007009
PRBI153	Pop1	552072.936158978	1062363.07113877	019020	001002	006006	004004	009021	001005	001013	001001	002004	001002	021022	001001	001007	002002	005006	007009
PRBI154	Pop1	552412.648911698	1061418.92642381	020020	001001	003007	004004	003015	002002	0010010	001021	002002	002004	000000	002002	001007	001002	005005	000000
PRBI155	Pop1	552412.648911698	1061418.92642381	020021	001001	003006	005005	003007	002003	001001	001021	002004	000000	000000	001001	001012	001002	005005	007009
PRBI156	Pop1	552393.774582091	1061443.14151373	020020	001002	006009	004005	003009	002003	009009	001001	004004	002002	021024	001002	001007	002002	005005	007007
PRBI157	Pop1	552361.715434651	1061448.17321178	020020	002002	003003	004005	001006	002005	006006	001036	002002	004005	017021	001002	007012	001002	004006	009009
PRBI158	Pop1	552212.070902579	1061515.62251654	020021	001002	003005	004005	003006	002005	0010011	001001	002002	002002	017027	001001	001007	002002	005005	005009
PRBI159	Pop1	552212.070902579	1061515.62251654	019020	001002	001006	004005	001021	001005	006013	001021	002005	002005	001021	001002	001007	002002	005005	0070010
PRBI110	Pop1	564623.408671339	1090674.39334803	020020	001002	003006	004005	003009	002002	002002	001029	002002	004005	001020	002002	001007	002002	005005	000000
PRBI112	Pop1	562397.766978096	1087046.88585049	020020	000000	003009	005005	001006	001009	001006	021035	003004	005005	001018	001002	007012	002002	004005	005009
PRBI113	Pop1	562407.427256885	1086988.97228005	020020	000000	003003	000000	009016	001005	001009	001001	002002	002005	021032	001001	001007	001002	004005	000000
PRBI114	Pop1	562407.427256885	1086988.97228005	020020	002002	003003	004004	001015	001002	009013	035036	002003	004005	017033	001001	001007	001002	004007	005007
PRBI115	Pop1	562386.857112702	1086962.27460255	019019	002002	002003	004005	009015	002003	001009	002021	002002	005005	017017	002002	001007	002002	004007	007009
PRBI116	Pop1	562336.873144429	1086963.75540369	020020	001002	006006	004005	007009	003005	006006	001027	004004	005007	001018	001002	001003	002002	005005	007009
PRBI117	Pop1	562342.680161911	1087005.40025045	019019	001002	003003	004004	001003	001002	006006	001001	002002	002004	001021	001002	001007	002002	005007	005007
PRBI118	Pop1	562342.680161911	1087005.40025045	019019	001001	003005	004005	009015	001003	006006	001001	002002	002002	001001	001002	001007	001002	005005	005007
PRBI119	Pop1	562372.342364459	1086998.85095326	020020	001001	003004	004005	006006	001001	0060010	021027	002002	001002	017017	002002	001007	002002	004007	007009
PRBI120	Pop1	562372.342364459	1086998.85095326	020021	001001	006006	004005	003006	002002	009013	001021	002004	002004	021024	001002	001012	002002	004005	007009
PRBI121	Pop1	562372.342364459	1086998.85095326	020020	002002	003006	004005	003003	001005	001002	001027	002004	002005	021022	001001	007007	001002	005007	005007
PRBI122	Pop1	562311.075101984	1088093.66915011	020020	002002	002006	004005	003021	001005	001001	021021	002004	002005	022024	002002	001012	002002	004007	005009
PRBI123	Pop1	562311.075101984	1088093.66915011	019020	001002	005006	004005	003009	002003	0090010	032034	002002	002004	001020	002002	001007	001001	004005	0050010
PRBI86	Pop1	566691.150689549	1094330.83541986	000000	000000	000000	000000	003006	001001	006009	021036	002002	001002	001029	001002	003007	001002	004004	007009
PRBI87	Pop1	566691.150689549	1094330.83541986	019020	002002	003003	004004	003016	003005	009013	001001	002002	004005	000000	001002	001007	002002	004005	009009
PRBI98	Pop1	566011.113568838	1091238.92820968	019020	001002	003009	004004	003016	001002	0020010	033036	002003	002005	022024	002002	007012	002002	005007	007007
PRBI99	Pop1	566011.113568838	1091238.92820968	021021	001002	003003	004005	015016	002005	006007	001032	003004	001006	001017	002002	007012	002002	005007	005009
PRBI209	Pop1	570278.150162115	1112735.49567739	019020	001002	0090010	004004	021022	002005	006011	001002	002003	002002	017024	001002	001001	002002	004005	007009
PRBI210	Pop1	570278.150162115	1112735.49567739	020020	001001	006006	004004	003003	003003	001009	001002	002002	001002	020021	002002	001012	002002	004005	007007
PRBI211	Pop1	570278.150162115	1112735.49567739	020020	002002	003006	005005	005009	001005	002002	002021	002004	002005	001017	001002	001013	002002	005005	000000
PRBI213	Pop1	570278.150162115	1112735.49567739	019020	001002	005005	004005	003009	001003	004013	002023	002003	002005	022034	002002	012012	001001	005006	005007
PRBI214	Pop1	570278.150162115	1112735.49567739	019020	001002	003006	004004	003009	005005	009013	001029	002003	002002	001001	001002	001007	001002	005005	007009
PRBI215	Pop1	570278.150162115	1112735.49567739	019020	001002	0060010	004004	006009	002003	009011	001001	002002	002005	017021	001002	001012	001002	004004	009009
PRBI216	Pop1	570278.150162115	1112735.49567739	020020	001002	003005	004005	003004	002002	001002	001021	002002	002004	001022	002002	012012	002002	004005	009009
PRBI226	Pop1	572291.652378343	1113980.06476955	019019	001002	003006	004004	001003	005005	0010010	001001	002002	000000	022024	001002	001001	002002	004007	005007
PRBI227	Pop1	572291.652378343	1113980.06476955	019020	001002	002003	004005	003004	002005	0090010	002036	002002	001005	022029	002002	007007	002002	004004	005005
PRBI228	Pop1	572295.96989045	1113990.8519702	020020	001001	005006	004005	003009	002002	0060010	001025	002002	002005	017020	002002	003007	002002	004005	005007
PRBI229	Pop1	572295.96989045	1113990.8519702	020020	001001	003006	004005	003016	002002	002006	021036	002003	001002	029034	001002	001003	002002	005005	0070010
PRBI230	Pop1	572342.909955323	1114013.92885541	020021	001002	003009	004005	001016	002002	006009	001001	002005	005006	021027	001001	007012	002002	004006	007007
PRBI231	Pop1	572347.009896801	1114018.48713667	020020	001002	0060010	004004	003003	001002	0060010	001002	002004	000000	001017	001002	001012	002002	005005	007007
PRBI232	Pop1	572347.009896801	1114018.48713667	019020	001002	0030010	004005	003016	001003	001002	002035	002002	002004	001021	001002	001007	002002	005007	007009
PRBI233	Pop1	572469.669532822	1114035.12137562	019019	000000	001003	000000	006009	002009	013013	001031	002002	002005	001015	001001	012012	002002	005005	000000
PRBI234	Pop1	572564.397413448	1114030.3515023	020020	002002	004006	004005	003006	003007	002006	001021	002002	002002	017026	002002	001001	002002	004005	005005
PRBI235	Pop1	572564.397413448	1114030.3515023	019020	001002	006006	004004	009021	003005	001015	001027	004004	006007	022026	001002	001007	002002	004007	007009
PRBI236	Pop1	572579.222792107	1114025.11939421	020020	001001	003003	005005	006009	001003	006006	001001	003003	001005	017018	001002	007012	001002	004005	007009
PRBI237	Pop1	572604.582842407	1114033.99430948	020021	001001	006006	004005	001003	002002	0010013	001001	002002	002006	001024	002002	012012	002002	004005	007009
PRBI238	Pop1	572608.562748686	1114038.28921999	019020	001001	003006	004004	001003	001003	002006	021033	002002	002002	001020	001002	001007	002002	004007	005007
PRBI239	Pop1	572608.562748686	1114038.28921999	019019	002002	003004	004004	001003	001002	006009	001002	002002	002005	001021	001002	001007	002002	006007	007007
PRBI160	Pop1	589505.333920777	1130687.30825386	020020	002002	003006	004005	003021	002003	0090010	001001	002002	002006	021032	002002	007012	002002	004004	009009
PRBI161	Pop1	589505.333920777	1130687.30825386	020020	001002	003006	004004	003006	001003	006006	001001	002002	002002	001029	001002	001001	002002	001005	007009
PRBI164	Pop1	589800.391923539	1130684.53272985	001001	003004	011019	001001	000000	001021	000000	009019	001001	001001	025029	002002	000000	004005	008008	000000
PRBI167	Pop1	589791.787232378	1130717.30894308	020020	001001	006009	004004	006008	001005	006009	001021	002002	005005	021022	002002	012012	001002	005007	005007
PRBI168	Pop1	586697.909678107	1129911.63266871	019020	001001	006009	004004	003006	001005	001002	001001	000000	000000	001021	002002	007007	002002	004007	009009
PRBI169	Pop1	586697.909678107	1129911.63266871	020020	001001	003006	004005	003021	002005	001002	001001	002004	002005	001001	001002	001012	001002	005005	009009
PRBI170	Pop1	586563.82069754	1129911.95658335	020020	001002	005006	004004	003006	001003	001006	001021	002004	004005	022030	002002	001007	001002	005007	007009
PRBI174	Pop1	585788.73149614	1130071.16288319	019020	002002	006006	004004	003021	001002	002006	001001	002004	002005	017024	001002	001012	002002	004005	0050010
PRBI175	Pop1	585860.789138005	1130135.34990258	020020	000000	003003	005005	003003	001002	006006	001032	002002	004005	001021	001001	001001	002002	005005	007009
PRBI178	Pop1	585772.810524992	1130245.27389379	020020	002002	003006	004004	004009	002003	006013	021033	003003	004005	024027	001002	001001	001002	005005	000000
PRBI179	Pop1	589522.343196511	1130752.42663953	020021	001001	006006	004004	006015	002005	001001	001021	002002	001006	021026	002002	001001	001002	006006	001009
PRBI180	Pop1	589528.230931789	1130745.73288732	020020	002002	003006	004005	003009	001005	006013	001001	002002	002002	001018	002002	001012	001002	005006	0050010
PRBI181	Pop1	585860.789138005	1130135.34990258	019020	001002	004007	004006	003009	001005	009009	001002	002002	002007	017018	001002	001012	002002	004005	007007
PRBI183	Pop1	589487.520352713	1130727.83692542	019020	001002	003006	004005	003015	003005	006013	001029	002002	002002	017018	001002	001001	002002	005007	007007
PRBI184	Pop1	589487.520352713	1130727.83692542	019020	001001	003003	004004	003006	002005	005006	001001	002003	002005	017025	002002	012012	002002	005006	007007
PRBI185	Pop1	588167.658854382	1130482.18410776	020020	002002	006009	004005	003006	001003	006009	001002	002002	002002	024033	002002	001001	002002	004005	007009
PRBI186	Pop1	588167.658854382	1130482.18410776	019020	000000	003009	004005	006006	002002	0020010	001001	002002	002005	000000	002002	001007	002002	005005	007007
PRBI188	Pop1	588140.385446639	1130412.09161664	020021	002002	0030010	005005	002009	005009	001013	001002	002002	002002	001017	001001	001007	002002	005005	005007
PRBI189	Pop1	588140.385446639	1130412.09161664	019020	001002	004007	004004	003016	002002	006013	001001	002002	001007	022033	001002	007007	002002	004005	005005
PRBI260	Pop1	612549.859906169	1159480.50170149	020020	001002	006009	004005	009021	002002	0090010	002002	002004	002006	021034	002002	007007	001002	005005	005007
PRBI261	Pop1	612549.859906169	1159480.50170149	020020	001001	003006	004004	003003	002005	013013	001023	002002	002002	001022	001002	001007	002002	005007	007009
PRBI262	Pop1	612575.075772793	1159574.4108581	019020	001002	003006	004005	003015	002005	006009	001001	002004	004005	001022	002002	008012	001002	004005	009009
PRBI263	Pop1	612575.075772793	1159574.4108581	020020	001002	003006	004005	002006	002005	001002	001001	002004	001002	018021	001002	001012	002002	004007	0070010
PRBI465	Pop1	610532.389491515	1190172.79064369	020020	001001	003009	004005	003006	005007	009009	001001	002002	005005	001001	002002	007007	002002	007007	005009
PRBI466	Pop1	610532.389491515	1190172.79064369	020020	001002	006006	004004	003015	001002	001006	001035	002005	002006	001022	001002	001001	002002	004004	000000
PRBI510	Pop1	612861.079106329	1209985.71438617	019020	001001	003006	004005	003006	002005	001001	001027	002002	005005	001027	002002	001012	002002	005005	0070010
END
