1
10000
2
2
13
7,5,4,14,8,18,17,3,12,11,3,4,14
2
0,1
0,0,19,20,1,4,0
3,32,2,3,2
0,43,1,0
1,0,1,1,2,7,9,14,2,1,4,2,0,0
0,6,4,19,6,4,5,0
0,0,1,0,0,2,1,3,5,10,8,4,3,2,2,2,0,1
1,0,0,2,4,13,11,0,2,2,0,0,0,6,0,2,1
27,10,7
1,13,2,0,0,0,15,0,13,0,0,0
3,17,0,3,12,3,0,1,1,0,0
34,9,1
20,1,20,3
3,20,3,3,9,6,0,0,0,0,0,0,0,0
0,0,11,8,1,1,1
1,19,1,0,1
0,22,0,0
0,0,0,1,1,3,1,6,4,2,1,0,1,0
0,5,3,9,1,1,3,0
0,0,0,0,0,0,0,2,2,4,4,1,4,3,1,1,0,0
0,0,0,0,1,8,5,0,1,2,1,0,0,4,0,0,0
13,3,6
1,12,0,0,0,0,7,0,2,0,0,0
0,8,0,4,7,0,1,1,0,0,1
19,3,0
14,0,8,0
0,9,0,2,9,1,0,0,0,0,0,1,0,0
2,4,372,188,23,66,11
81,497,15,55,26
3,636,21,14
9,4,5,33,52,83,138,122,68,55,52,17,34,6
10,114,42,270,130,46,59,1
1,3,4,2,8,16,25,51,57,84,126,98,75,61,34,22,3,0
1,4,4,15,62,222,82,20,44,65,9,3,3,86,6,27,0
331,205,138
2,277,23,10,11,6,231,6,98,6,1,7
32,186,1,90,288,14,16,13,4,1,0
603,72,3
343,23,290,20
26,280,20,53,187,60,9,3,4,3,6,11,4,5
1
