12
5 0.1179624665 0.7372654155 0.0241286863 0.0817694370 0.0388739946
4 0.0040106952 0.9478609626 0.0294117647 0.0187165775
14 0.0133333333 0.0053333333 0.0080000000 0.0493333333 0.0733333333 0.1253333333 0.1973333333 0.1893333333 0.1013333333 0.0800000000 0.0760000000 0.0253333333 0.0480000000 0.0080000000
8 0.0134048257 0.1689008043 0.0656836461 0.4075067024 0.1849865952 0.0683646113 0.0898123324 0.0013404826
18 0.0013440860 0.0040322581 0.0067204301 0.0026881720 0.0107526882 0.0228494624 0.0349462366 0.0752688172 0.0860215054 0.1330645161 0.1881720430 0.1424731183 0.1129032258 0.0887096774 0.0497311828 0.0336021505 0.0040322581 0.0026881720
18 0.0013736264 0.0054945055 0.0068681319 0.0233516484 0.0920329670 0.3392857143 0.1346153846 0.0288461538 0.0645604396 0.0947802198 0.0137362637 0.0054945055 0.0041208791 0.1332417582 0.0082417582 0.0398351648 0.0027472527 0.0013736264
3 0.5040106952 0.2914438503 0.2045454545
12 0.0053191489 0.4082446809 0.0332446809 0.0132978723 0.0146276596 0.0079787234 0.3390957447 0.0079787234 0.1515957447 0.0079787234 0.0013297872 0.0093085106
12 0.0488826816 0.2960893855 0.0013966480 0.1368715084 0.4357541899 0.0251396648 0.0237430168 0.0209497207 0.0069832402 0.0013966480 0.0013966480 0.0013966480
3 0.8843085106 0.1103723404 0.0053191489
4 0.5106666667 0.0333333333 0.4253333333 0.0306666667
15 0.0388739946 0.4209115282 0.0308310992 0.0804289544 0.2774798928 0.0884718499 0.0120643432 0.0040214477 0.0053619303 0.0040214477 0.0080428954 0.0160857909 0.0053619303 0.0013404826 0.0067024129
215	161
1	2	2	2	2	4	9	4	5	11	12	6	7	1	2	2	2	4	4	1	1	1	3	2	8
2	2	2	2	2	6	7	2	4	8	12	9	10	1	2	2	7	2	4	1	1	1	3	5	5
3	2	2	2	2	8	8	2	7	9	11	10	10	1	2	2	7	4	5	1	2	1	4	2	9
4	2	2	2	2	7	9	4	4	11	12	14	14	2	2	2	6	2	5	1	1	1	1	5	11
5	2	2	2	2	7	9	2	4	10	12	14	16	1	2	2	7	2	5	1	1	1	1	2	2
6	2	2	2	2	4	7	2	4	11	14	10	13	1	2	2	10	5	5	1	1	1	1	2	2
7	1	2	2	2	8	11	4	6	14	16	6	6	1	2	7	9	2	5	1	1	1	3	2	5
8	2	2	2	2	2	5	2	5	13	13	6	14	1	1	7	12	4	4	1	1	1	1	1	6
9	1	1	2	2	5	8	4	5	10	12	6	7	1	1	2	7	2	5	1	1	3	3	1	2
10	1	2	2	4	1	5	4	4	9	9	6	6	2	3	7	9	5	8	1	2	3	3	2	5
11	2	2	2	2	8	11	2	4	14	16	6	16	1	2	2	2	4	5	1	1	1	3	2	2
12	2	2	2	4	6	10	4	5	11	14	7	10	1	2	7	7	2	5	1	1	3	3	4	5
13	1	2	2	2	11	11	3	3	9	13	6	6	1	2	2	2	5	5	1	1	1	2	2	5
14	2	2	2	2	6	9	2	7	13	15	6	16	1	2	2	7	2	5	1	1	3	4	2	2
15	1	2	2	2	5	11	5	6	11	11	6	16	2	3	2	7	5	5	1	1	3	3	2	12
16	2	4	2	2	8	10	2	4	11	15	9	14	2	2	2	2	4	5	1	1	3	3	2	3
17	1	2	2	4	6	7	5	5	9	14	6	12	1	2	2	2	5	7	1	1	1	3	2	3
18	2	2	2	2	6	7	4	4	11	15	6	14	1	1	7	7	2	4	1	1	3	3	2	2
19	2	2	2	2	7	8	2	5	12	14	6	8	1	2	2	8	4	5	1	1	1	3	2	2
20	2	2	2	2	10	13	5	5	6	10	8	14	1	2	7	7	2	4	1	1	3	3	2	5
21	2	2	2	2	5	6	4	4	7	10	5	9	1	3	2	7	2	2	1	2	1	3	2	4
22	2	2	2	2	6	8	2	6	7	10	6	7	1	1	7	7	2	5	1	1	1	1	2	6
23	2	4	2	2	5	7	2	4	-5	-5	7	14	2	2	3	9	4	5	1	1	1	3	2	5
24	2	2	2	3	10	11	3	4	7	10	6	6	1	3	2	7	2	5	1	1	1	3	2	11
25	2	4	2	2	5	5	5	7	11	15	9	10	1	3	2	6	1	8	1	1	3	3	2	2
26	1	2	2	2	7	7	4	7	12	15	7	10	1	3	2	9	4	8	1	2	1	1	2	2
27	1	2	2	2	5	6	4	7	6	13	6	16	1	2	4	7	2	5	1	1	3	3	1	5
28	2	2	2	2	7	8	4	6	8	16	14	16	1	1	2	8	1	2	1	1	1	3	2	2
29	2	2	2	2	7	9	4	4	13	13	9	14	1	2	3	7	2	5	1	1	3	3	2	3
30	2	2	2	2	8	14	5	6	13	13	6	16	1	3	2	7	5	5	1	1	1	3	5	6
31	2	2	2	2	7	7	5	5	1	16	6	10	1	3	2	7	5	5	1	1	1	1	5	5
32	2	4	-5	-5	7	9	4	5	8	9	6	6	1	2	2	9	5	5	1	1	1	1	2	5
33	2	2	2	2	6	8	5	7	10	11	6	6	1	2	2	7	4	5	1	1	1	3	2	4
34	2	2	2	2	6	7	4	4	9	11	6	9	1	3	2	7	2	5	1	1	2	3	2	2
35	2	5	2	2	4	11	4	4	11	13	8	10	3	3	2	2	2	4	1	2	1	1	2	6
36	1	2	2	2	8	11	4	4	10	15	6	6	2	2	2	9	2	4	1	1	3	3	2	2
37	1	2	2	2	7	7	2	4	10	12	6	6	1	2	2	2	2	5	1	1	1	3	2	6
38	2	2	2	2	7	8	4	5	10	11	6	14	1	1	2	7	2	8	1	1	3	3	2	5
39	2	2	2	2	7	9	3	4	13	16	6	9	1	3	2	7	2	2	1	2	1	1	2	4
40	2	5	2	2	5	14	2	6	4	10	6	6	1	2	2	9	2	5	1	2	1	3	1	2
41	2	2	2	2	7	10	3	4	11	11	6	10	1	3	2	9	7	7	1	1	1	3	2	7
42	2	2	2	2	7	11	4	4	8	11	4	6	1	1	7	7	5	11	1	1	1	1	2	5
43	2	2	2	2	4	9	4	4	7	13	5	10	1	1	2	7	5	5	1	1	1	3	2	5
44	2	2	2	2	8	9	4	4	11	14	6	6	2	2	2	2	2	5	1	2	1	1	2	5
45	2	2	2	2	4	6	2	7	14	15	6	10	1	1	2	2	2	5	1	1	1	1	5	6
46	2	2	2	4	9	10	4	5	12	14	5	7	1	1	2	7	4	4	1	1	1	1	2	5
47	2	2	2	2	6	11	4	7	8	15	6	10	2	3	7	7	2	4	1	1	1	3	5	5
48	2	2	2	2	4	8	2	2	9	13	6	9	1	2	3	7	5	5	1	2	1	3	2	5
49	2	2	2	2	7	7	4	4	13	14	7	14	2	3	2	2	2	5	1	1	2	3	2	4
50	2	2	2	2	7	13	2	2	10	14	5	14	3	3	2	7	2	5	1	1	1	3	5	5
51	2	2	1	2	10	12	4	4	13	14	6	6	2	3	7	9	4	5	1	1	1	1	2	3
52	2	2	2	2	1	8	2	4	11	12	6	7	1	3	7	7	2	5	1	1	3	3	2	4
53	2	2	2	2	6	8	4	5	9	12	10	15	1	3	2	9	5	5	1	2	3	3	5	6
54	2	2	2	2	5	9	4	5	9	12	6	6	2	2	2	2	4	4	1	2	1	3	2	2
55	2	4	2	2	7	11	4	7	10	13	6	8	1	1	2	9	2	5	1	1	1	3	2	5
56	2	4	2	2	7	11	4	7	8	16	6	7	1	3	2	7	-5	-5	1	1	3	3	6	9
57	1	4	2	2	6	9	5	7	8	11	6	8	1	1	2	7	2	5	1	1	1	1	1	4
58	2	2	2	2	9	10	2	6	10	13	14	14	2	2	7	10	1	1	1	1	1	3	12	12
59	2	2	2	2	5	6	2	4	3	10	2	6	1	3	2	3	1	4	1	1	1	4	2	5
60	2	2	2	2	9	11	4	7	8	14	6	16	1	2	7	7	4	5	1	1	1	1	2	2
61	2	2	2	2	6	8	5	5	8	12	6	7	1	2	7	7	5	5	1	1	1	4	4	5
62	2	4	2	2	7	8	4	4	12	13	6	7	3	3	7	9	5	5	1	1	2	3	2	2
63	2	2	2	2	8	8	4	4	13	14	-5	-5	1	1	2	7	5	5	1	2	1	3	2	5
64	1	2	2	2	6	13	4	5	8	10	9	14	1	2	2	9	-5	-5	1	2	1	1	2	5
65	2	2	2	2	7	8	2	6	7	14	6	6	2	2	2	9	2	5	1	1	1	3	2	2
66	2	2	2	2	7	7	2	3	11	13	6	14	1	3	2	3	2	5	1	2	1	4	2	5
67	1	2	2	3	6	7	2	4	11	14	4	5	1	2	2	7	2	5	1	1	1	1	2	2
68	2	2	2	2	8	12	2	7	10	12	7	10	1	3	7	7	1	2	1	1	1	1	2	5
69	2	2	2	2	6	6	3	4	8	9	7	15	1	1	7	7	5	6	1	2	1	3	1	6
70	4	4	2	2	6	10	1	5	13	14	7	9	1	3	7	7	2	5	1	1	1	1	2	5
71	2	2	2	2	7	8	4	4	10	11	6	14	1	3	2	7	1	5	1	1	1	1	6	6
72	2	5	2	2	7	11	2	4	10	11	7	8	1	3	7	7	2	5	1	2	1	3	2	2
73	2	2	2	3	7	11	3	4	12	16	7	16	1	1	2	7	2	5	1	1	3	3	2	5
74	2	2	2	2	8	11	2	4	8	10	5	7	1	2	2	9	1	2	1	1	1	1	2	6
75	3	4	2	2	6	8	4	6	10	10	7	10	3	3	2	7	2	6	1	1	1	1	2	3
76	2	2	2	2	1	10	5	7	10	11	7	9	2	2	2	9	5	6	1	1	1	1	2	3
77	2	2	2	2	7	8	5	6	11	15	6	6	1	3	7	7	-5	-5	1	1	1	3	1	4
78	2	2	2	2	6	7	2	4	9	10	6	6	1	2	3	9	1	5	1	2	1	1	5	6
79	2	2	2	2	6	8	4	4	3	11	6	7	1	3	2	7	1	5	1	2	3	4	2	3
80	2	2	2	2	9	11	4	5	10	13	5	7	1	2	2	7	2	5	1	2	1	3	2	6
81	2	5	2	2	4	6	4	6	8	11	6	14	1	1	2	9	2	2	1	2	1	4	2	5
82	2	4	2	2	8	8	4	5	10	11	7	14	1	1	9	9	2	9	1	2	3	3	2	2
83	2	2	2	2	8	12	2	4	9	12	6	9	1	1	3	9	2	5	1	2	1	1	2	2
84	2	3	2	2	8	11	3	6	10	12	7	14	1	3	7	9	2	6	1	1	3	3	1	6
85	1	5	2	2	5	8	4	7	10	12	5	6	1	1	9	9	-5	-5	1	2	3	3	4	5
86	1	2	2	2	5	8	3	4	9	11	6	14	1	1	2	7	2	5	1	1	1	3	2	4
87	-5	-5	2	2	6	7	4	7	16	18	4	7	2	2	1	2	2	8	1	1	1	3	2	2
88	2	2	2	2	7	12	2	4	6	14	6	18	1	3	2	7	2	4	1	1	1	1	2	5
89	2	2	2	2	7	8	4	4	7	11	4	16	1	1	7	9	2	5	1	1	1	2	2	2
90	2	2	2	2	7	9	3	5	9	13	6	7	1	2	2	7	4	5	1	1	3	3	2	5
91	2	2	2	2	3	8	4	4	8	15	6	14	1	2	7	7	4	5	1	2	3	3	1	5
92	1	2	2	2	6	8	4	7	10	13	5	6	1	2	2	9	2	2	1	1	1	3	2	5
93	2	4	2	2	7	8	2	5	11	14	7	14	1	3	2	7	5	5	1	3	3	4	2	6
94	2	2	2	2	8	11	2	4	8	12	5	7	1	1	2	7	4	5	1	1	2	3	2	2
95	2	2	2	2	7	10	4	7	10	12	6	10	1	1	2	2	2	2	1	1	1	3	2	4
96	2	4	2	2	5	9	2	4	13	15	6	9	1	3	2	2	5	6	1	1	2	2	2	5
97	2	2	2	2	6	9	2	4	10	15	7	10	1	2	6	9	2	5	1	2	1	3	5	5
98	4	5	2	3	6	7	4	5	8	12	7	10	1	2	2	2	2	2	1	2	1	3	2	2
99	2	2	2	2	6	13	3	4	9	10	7	14	2	3	2	2	2	5	1	1	1	3	1	2
100	2	2	2	2	6	9	3	7	10	14	10	14	1	2	7	10	4	5	1	1	2	3	2	13
101	2	2	2	2	5	14	2	3	11	15	10	14	1	2	2	12	5	7	1	1	3	3	2	2
102	2	2	2	2	9	10	1	4	12	15	6	7	1	1	2	7	2	2	1	1	3	3	2	2
103	5	5	2	2	6	8	4	5	6	12	1	6	1	1	2	7	5	5	1	2	3	3	2	3
104	2	2	2	2	7	9	4	4	7	16	7	9	2	3	2	4	1	2	1	1	1	3	2	5
105	2	2	2	4	7	12	5	5	9	11	-5	-5	2	2	7	9	4	5	1	1	1	3	3	5
106	1	2	2	2	7	9	4	4	11	13	6	6	1	2	2	7	2	5	1	2	1	1	2	5
107	1	2	2	2	11	11	1	4	13	14	6	7	3	3	2	7	2	5	1	1	1	3	2	12
108	2	4	2	4	4	11	4	4	7	11	6	10	1	2	2	7	2	2	1	1	1	3	2	5
109	1	2	2	2	3	8	4	6	12	13	5	6	1	1	2	2	5	5	1	1	1	1	2	2
110	2	2	2	2	7	8	4	6	10	12	5	6	1	2	2	5	5	5	1	1	1	1	5	6
111	2	2	2	2	7	8	2	5	10	15	5	14	1	1	9	9	5	8	1	2	3	3	1	2
112	2	2	2	2	7	10	4	4	9	12	6	7	1	2	7	9	1	5	1	1	1	1	2	2
113	2	2	2	2	5	9	2	4	10	12	5	6	1	3	2	9	2	5	1	1	1	3	-5	-5
114	2	2	2	2	1	9	4	7	5	13	9	14	1	1	2	7	5	5	1	1	1	3	2	4
115	2	2	2	2	6	12	4	7	9	10	6	14	2	3	5	9	2	5	1	1	1	3	2	5
116	2	2	2	2	7	10	3	5	-5	-5	6	16	1	3	2	7	5	5	1	1	1	1	-5	-5
117	2	2	2	2	5	10	4	4	12	12	-5	-5	1	3	2	9	5	5	1	2	1	3	1	5
118	2	2	2	2	11	13	4	5	12	16	4	7	1	1	7	9	1	1	1	1	1	1	2	5
119	1	2	3	4	6	7	2	7	9	10	6	14	1	1	5	7	2	5	1	2	1	1	5	10
120	2	2	2	2	10	10	4	5	11	11	10	10	1	1	2	4	1	1	1	1	1	3	5	5
121	2	5	2	2	10	11	4	4	10	12	6	16	3	3	2	7	2	6	1	1	3	3	2	2
122	1	1	2	2	10	11	-5	-5	10	10	6	10	1	2	7	7	5	5	1	1	1	3	5	6
123	1	2	2	2	5	8	4	5	12	12	6	8	1	1	7	7	2	5	1	1	1	3	2	2
124	2	2	2	2	4	8	4	6	9	11	14	14	1	2	7	9	-5	-5	1	1	1	3	2	6
125	2	2	2	2	8	13	3	3	6	7	10	13	2	2	7	7	1	5	1	1	1	3	5	15
126	2	2	2	2	4	8	4	7	7	10	7	16	1	2	2	9	5	5	1	1	1	3	4	5
127	1	2	2	2	7	11	4	4	10	12	6	14	1	2	2	9	2	4	1	1	3	3	2	6
128	1	2	2	2	8	13	7	7	11	11	5	7	3	3	7	7	5	5	1	1	1	3	1	5
129	2	2	1	2	6	6	5	5	12	13	-5	-5	1	2	7	7	5	5	1	1	1	3	2	5
130	2	2	2	3	8	10	5	5	9	11	6	14	1	3	7	7	2	5	1	1	1	1	2	5
131	1	2	2	2	5	6	4	5	10	12	6	8	2	3	9	9	1	5	1	1	1	1	5	7
132	2	2	2	2	4	13	4	5	9	9	5	6	1	2	2	7	2	8	1	2	1	3	1	2
133	2	2	2	2	5	7	4	7	10	11	9	10	1	2	2	7	2	4	1	1	1	1	6	6
134	2	2	2	2	5	7	2	2	13	17	4	6	1	2	7	9	1	2	1	1	1	3	2	8
135	1	5	2	3	7	8	4	5	14	16	6	7	1	1	2	2	5	5	1	2	1	3	2	5
136	2	2	2	2	8	11	5	6	11	16	6	6	1	1	7	7	2	5	1	2	1	3	2	2
137	2	2	2	2	8	10	3	5	12	14	7	7	1	3	7	9	2	5	1	1	1	1	5	5
138	2	2	2	3	4	7	4	5	10	12	5	14	1	2	2	7	2	4	1	1	1	3	2	11
139	1	2	2	2	9	13	3	5	11	12	3	6	2	2	2	2	1	7	2	2	1	3	1	6
140	2	3	2	2	8	14	2	7	12	14	5	15	1	1	2	9	5	5	1	1	1	3	2	5
141	2	2	2	2	8	9	4	4	12	13	5	14	2	2	2	7	4	4	1	1	1	1	5	5
142	2	2	2	2	1	6	2	4	12	14	9	14	2	3	7	9	4	5	1	1	3	3	4	6
143	2	2	2	2	8	13	4	5	8	11	2	6	1	3	2	3	4	5	1	1	3	3	4	5
144	2	2	2	2	7	8	3	4	9	10	4	6	3	3	2	9	2	8	1	1	1	3	1	5
145	1	4	2	2	5	8	4	5	7	9	6	10	2	3	3	7	1	5	1	1	1	3	1	2
146	-5	-5	2	2	10	11	2	3	9	14	6	8	1	2	7	9	5	6	1	1	3	4	5	10
147	1	2	2	2	7	7	1	4	8	11	6	10	1	1	2	7	2	9	1	1	3	3	5	6
148	2	2	2	2	6	8	4	4	6	8	6	7	2	3	7	9	1	4	1	1	1	3	7	9
149	2	2	2	2	7	11	5	6	11	15	7	14	1	2	7	9	2	5	1	1	1	1	2	4
150	2	2	2	2	11	13	2	6	8	9	5	7	1	3	2	2	2	2	1	1	3	3	2	2
151	1	4	2	2	6	8	2	4	10	12	6	7	1	2	2	7	2	8	1	1	1	2	5	6
152	2	2	2	2	6	7	4	5	8	10	2	10	1	2	2	9	1	2	1	1	1	3	5	10
153	2	4	2	2	7	10	4	5	11	11	4	9	1	1	2	7	2	5	1	1	1	1	2	2
154	2	2	2	2	6	8	2	5	15	15	6	7	1	1	2	9	5	5	1	1	1	3	1	7
155	4	4	2	2	6	6	2	4	9	11	5	6	1	1	3	9	2	4	1	1	1	3	5	7
156	2	2	2	2	5	7	2	4	10	11	6	10	1	1	2	3	2	5	1	2	3	3	2	6
157	1	3	2	2	5	8	4	4	12	14	6	15	1	1	3	9	2	5	1	1	1	3	5	6
158	2	4	2	2	1	11	4	5	12	14	6	10	1	2	2	7	4	4	1	1	3	3	3	5
159	1	2	2	2	5	6	4	5	6	9	10	14	1	2	2	7	-5	-5	1	1	1	2	3	15
160	-5	-5	2	2	6	10	4	5	11	11	7	11	1	3	7	9	2	5	2	2	3	3	2	3
161	2	2	2	2	4	7	4	5	13	14	4	10	1	3	2	7	2	7	1	2	1	1	4	6
162	1	1	2	2	7	7	3	5	-5	-5	-5	-5	1	2	7	7	2	5	1	1	-5	-5	2	2
163	1	2	2	3	4	10	2	4	7	14	5	6	3	3	2	7	4	5	1	1	3	3	2	2
164	2	5	2	2	8	9	2	5	7	12	10	14	1	2	7	7	2	5	1	1	1	3	5	6
165	1	2	2	2	8	13	5	5	9	15	14	14	1	2	7	7	5	5	1	2	1	4	2	5
166	1	1	2	2	6	7	5	5	6	9	10	14	1	1	2	2	2	5	2	2	1	1	5	6
167	2	2	2	2	7	9	4	4	8	14	6	7	2	2	2	2	2	5	1	1	1	1	4	5
168	1	2	2	2	7	9	3	4	11	11	-5	-5	1	2	7	9	2	6	1	1	3	3	1	4
169	2	4	2	4	8	8	4	7	7	10	5	5	1	2	2	2	2	2	1	1	1	1	2	5
170	2	2	2	2	9	9	3	5	14	16	5	9	1	1	7	7	2	5	1	1	3	3	2	6
171	2	2	2	2	8	10	3	5	9	10	6	10	2	2	2	7	2	7	1	1	1	3	5	5
172	2	2	2	2	7	7	3	4	8	10	5	10	1	2	2	4	4	6	1	1	1	3	2	5
173	2	5	2	2	8	10	3	5	10	13	7	11	1	1	2	9	4	5	1	1	1	3	4	6
174	1	4	2	2	1	11	2	6	8	9	6	6	1	2	2	2	2	4	1	2	1	3	5	6
175	2	2	2	2	7	8	4	6	10	12	6	16	1	2	2	9	2	5	1	1	1	3	5	6
176	2	2	2	2	6	9	2	4	8	12	6	10	2	3	2	2	2	5	1	1	1	1	1	2
177	2	2	2	2	6	7	2	3	10	13	5	6	1	1	2	7	5	5	1	2	1	3	3	4
178	2	4	2	2	6	8	3	5	10	13	6	14	2	3	8	9	4	5	1	1	1	3	4	5
179	1	4	2	2	7	9	2	4	11	12	-5	-5	1	2	2	3	5	7	1	1	1	3	2	3
180	2	2	2	2	4	8	2	5	11	11	6	14	2	2	9	9	4	7	1	2	3	3	2	2
181	1	2	2	2	7	7	4	6	14	14	4	7	2	2	2	3	2	5	1	1	1	2	5	5
182	2	2	2	2	6	9	2	4	10	11	6	10	2	3	2	2	2	8	1	1	1	1	5	5
183	2	2	2	2	3	10	4	4	9	16	10	11	1	2	2	2	2	2	1	1	1	1	2	6
184	2	2	2	2	8	12	2	4	11	12	6	6	1	2	2	2	3	5	1	1	1	1	2	2
185	2	3	2	2	6	12	4	6	13	14	6	7	3	3	9	9	2	4	1	1	1	3	2	6
186	2	2	2	4	6	8	4	7	10	11	6	16	1	2	2	2	5	5	1	2	1	3	2	5
187	1	2	2	2	12	13	4	5	8	14	6	9	1	1	2	7	2	4	1	2	3	3	2	4
188	1	1	2	2	7	8	4	7	10	14	5	6	1	1	3	7	2	4	1	1	3	3	4	5
189	2	4	2	2	2	7	2	5	11	13	6	9	1	2	2	9	1	5	1	2	1	1	2	4
190	2	4	2	2	8	12	2	2	8	9	6	9	1	3	2	10	5	5	1	2	3	4	2	6
191	2	2	2	2	7	7	4	6	8	9	5	11	1	2	2	7	5	5	1	1	1	1	5	5
192	1	3	2	2	7	8	2	4	12	12	6	14	1	3	9	9	1	4	1	1	1	3	1	4
193	1	2	2	2	8	11	5	6	11	15	7	14	3	3	7	9	2	5	1	2	1	3	2	15
194	2	3	2	2	5	8	2	2	8	12	5	7	1	1	3	7	2	5	1	1	3	3	2	6
195	2	2	2	2	1	9	2	4	12	13	4	12	1	3	2	7	2	5	1	1	1	2	2	5
196	4	4	2	2	5	7	4	4	9	16	4	14	1	3	2	2	2	5	1	1	1	3	2	5
197	2	4	2	2	6	11	2	4	11	12	5	8	2	3	2	7	5	5	1	1	1	3	2	4
198	2	2	2	2	6	11	2	3	8	8	5	6	1	2	2	2	2	4	1	1	1	1	2	15
199	2	2	2	2	5	7	4	6	10	12	6	14	2	3	5	9	-5	-5	1	2	1	2	2	2
200	2	2	2	2	5	8	2	4	12	14	6	6	1	2	5	7	2	9	1	1	1	1	2	2
201	2	4	2	2	10	11	2	4	12	16	6	14	1	1	7	7	2	5	1	1	3	3	-5	-5
202	2	2	2	4	7	8	5	5	7	10	3	14	2	3	2	9	5	5	1	1	1	3	5	6
203	2	2	2	2	7	10	2	7	11	14	2	14	1	1	7	7	4	5	1	1	1	3	2	9
204	2	4	2	2	6	9	3	6	9	13	14	14	2	3	4	7	4	7	1	1	1	3	5	5
205	2	2	2	3	7	10	2	6	12	16	6	16	1	2	2	2	5	6	1	1	3	4	5	6
206	4	5	2	2	3	7	4	5	5	14	9	10	2	3	7	7	1	5	1	2	3	3	3	5
207	2	2	2	4	5	7	4	4	10	13	5	9	2	2	7	7	5	5	1	1	1	3	5	12
208	1	1	2	2	6	9	4	5	12	14	6	7	1	2	2	7	2	8	1	1	3	3	2	5
209	1	1	2	2	6	6	5	6	10	12	4	7	1	1	2	7	5	5	1	1	3	4	5	11
210	2	2	2	2	8	10	1	2	9	11	6	6	2	3	2	9	5	5	1	1	1	3	1	2
211	1	2	1	2	7	8	2	4	11	13	5	10	1	2	2	7	5	5	1	1	3	3	2	2
212	2	4	2	2	3	7	4	4	7	12	6	9	1	1	2	5	-5	-5	1	1	1	1	2	2
213	2	2	2	2	1	6	1	5	9	11	10	14	1	2	2	7	2	4	1	1	1	3	5	13
214	1	5	2	2	5	8	4	4	9	11	6	6	1	3	3	9	2	5	1	1	1	4	2	5
215	2	4	2	2	6	8	5	7	9	15	6	9	1	1	7	9	2	5	1	1	1	1	2	2

1	1	2	2	2	8	13	2	2	11	14	14	14	1	1	2	7	5	6	2	2	1	3	2	4
2	2	2	2	2	8	10	1	4	10	11	6	9	1	2	2	5	2	4	1	1	1	3	5	5
3	2	2	2	2	5	12	5	7	6	12	7	16	1	2	2	7	5	7	1	2	1	1	2	2
4	2	4	2	2	9	11	5	7	8	11	6	7	1	2	7	7	2	5	1	2	3	3	2	2
5	2	4	2	2	7	9	3	5	9	11	5	14	2	3	7	9	2	5	1	1	3	3	2	5
6	2	2	2	2	6	9	4	4	11	11	6	8	1	2	2	2	2	5	1	1	1	2	2	3
7	2	2	2	2	5	8	3	4	11	13	6	10	1	2	9	9	5	5	1	1	3	3	2	3
8	1	2	2	2	8	12	4	4	12	12	6	7	1	3	2	11	2	4	1	1	1	3	2	4
9	2	2	2	3	6	8	2	4	11	14	5	16	2	3	2	9	4	5	1	1	1	1	4	5
10	2	2	2	2	6	13	4	7	11	13	-5	-5	1	2	7	9	5	5	1	1	2	4	2	2
11	2	2	2	2	6	7	4	6	11	13	6	10	1	3	2	2	2	4	1	1	3	4	2	13
12	2	4	2	2	7	7	6	7	8	14	6	13	1	2	2	5	2	5	1	1	1	3	2	5
13	2	5	2	2	7	13	4	6	9	11	10	10	1	1	2	7	5	5	1	2	1	1	2	4
14	2	2	2	2	7	8	4	5	7	13	7	10	2	3	2	2	2	5	1	1	1	3	5	5
15	2	2	2	2	4	9	4	7	9	13	6	8	1	1	2	2	2	2	1	1	1	1	2	5
16	1	2	2	2	9	10	4	4	11	15	7	9	1	1	2	7	2	5	1	1	1	3	2	5
17	2	2	2	2	8	11	4	4	11	12	4	14	1	2	2	2	4	5	1	1	3	3	2	12
18	1	2	2	2	6	12	4	6	10	11	7	14	1	3	7	9	2	2	1	1	3	3	2	6
19	2	2	2	2	5	8	2	4	10	11	6	14	1	2	2	7	2	4	1	1	1	3	5	6
20	2	2	2	2	8	9	2	4	11	11	6	6	1	3	2	12	5	8	1	1	3	3	2	2
21	1	2	2	2	3	8	2	4	8	16	6	6	1	2	2	7	5	5	1	2	1	3	2	5
22	2	4	2	2	6	8	4	5	12	15	11	14	1	1	2	7	-5	-5	1	1	1	3	5	5
23	2	2	2	3	7	8	3	5	7	10	9	16	1	1	2	2	2	5	1	2	1	3	5	5
24	2	2	2	2	8	8	2	4	10	11	6	10	1	2	2	3	-5	-5	1	1	1	1	2	2
25	2	2	2	2	7	12	4	5	9	11	5	17	3	3	7	7	1	5	1	1	3	3	2	5
26	2	2	2	2	5	6	6	6	13	13	6	14	1	2	2	2	2	4	1	1	3	4	2	4
27	3	5	2	2	9	10	2	4	5	6	7	9	1	1	2	2	2	6	1	1	1	3	4	5
28	2	2	2	2	7	13	2	4	15	15	5	6	1	1	2	7	2	5	1	2	1	1	4	5
29	2	4	2	2	6	8	4	4	9	13	6	14	1	1	2	9	2	4	1	3	3	3	2	4
30	2	4	2	2	7	7	6	7	9	13	6	6	1	2	7	9	-5	-5	1	1	1	3	5	5
31	2	2	2	2	4	11	4	7	8	10	6	16	2	3	7	7	2	5	1	1	1	1	5	5
32	2	2	2	2	10	13	2	6	12	12	6	10	2	3	3	9	2	5	1	1	1	1	2	4
33	2	2	2	2	9	9	4	5	13	15	5	5	1	1	2	9	4	5	1	1	1	3	4	4
34	1	2	2	2	9	10	5	5	9	11	6	10	2	3	2	2	4	5	1	1	1	3	2	5
35	2	2	2	2	7	10	3	4	3	12	-5	-5	1	2	2	9	-5	-5	1	1	3	4	2	2
36	2	3	2	2	5	5	4	7	6	16	4	7	1	2	7	9	5	5	1	2	1	3	2	6
37	2	2	2	3	11	11	4	4	8	11	9	14	1	3	2	7	2	2	1	1	1	4	2	4
38	2	2	2	2	7	11	2	4	12	13	6	16	1	3	7	7	4	7	1	1	1	1	2	5
39	2	4	2	2	7	13	2	4	7	8	6	10	2	2	2	2	1	8	1	2	1	3	5	8
40	1	2	2	2	7	9	5	5	8	13	5	10	1	3	2	7	2	5	1	1	3	4	2	2
41	2	2	2	2	8	10	7	7	8	13	6	8	3	3	2	4	-5	-5	1	1	1	2	4	5
42	2	2	2	2	7	8	4	5	8	16	6	14	1	3	3	7	6	8	1	1	1	3	5	5
43	2	2	2	2	8	9	5	6	11	11	4	11	1	2	2	7	2	5	1	1	1	3	2	2
44	4	4	2	2	6	8	5	6	7	12	6	9	1	1	2	9	2	5	1	1	1	3	4	5
45	2	4	2	2	7	11	3	4	9	12	6	10	2	3	2	10	4	5	1	1	1	1	5	5
46	1	2	2	3	4	9	2	3	12	15	5	6	1	2	2	7	5	5	1	1	1	1	5	6
47	2	4	2	4	8	11	4	5	9	11	6	14	2	2	2	7	2	5	1	1	3	3	2	2
48	1	2	2	2	7	9	2	4	6	10	7	14	2	2	4	7	2	4	1	1	1	3	2	2
49	2	2	2	2	7	7	5	6	11	11	6	7	1	2	9	9	1	5	1	2	3	3	4	6
50	2	4	2	2	4	13	4	6	5	11	14	16	2	3	2	2	4	5	2	2	1	1	5	5
51	1	2	2	2	9	10	2	7	10	14	6	6	1	3	2	2	5	5	1	1	1	1	2	2
52	2	2	2	3	7	7	2	4	8	10	7	11	1	2	7	7	5	5	1	2	3	3	4	5
53	1	2	2	2	9	13	2	5	8	10	6	14	1	3	7	7	5	5	1	2	1	3	5	5
54	2	5	2	2	10	11	5	7	12	14	6	16	1	1	2	9	5	7	1	1	1	1	2	5
55	1	2	2	2	4	6	5	5	10	15	5	6	1	3	2	7	2	4	1	1	3	3	5	13
56	2	2	2	2	8	10	2	7	8	11	6	7	1	1	2	2	2	4	1	1	1	3	2	5
57	1	2	2	2	9	9	4	5	9	11	6	12	1	1	2	2	5	5	1	1	1	2	5	5
58	2	5	2	2	4	5	2	3	9	14	6	9	1	1	7	7	5	5	1	1	3	3	2	2
59	4	4	2	2	6	13	4	4	12	12	6	14	1	3	2	7	4	5	1	1	1	3	2	5
60	1	2	2	2	4	7	4	4	12	13	3	6	1	1	2	2	2	5	1	1	1	1	2	2
61	2	2	2	2	-5	-5	2	4	11	13	6	6	1	1	2	7	2	2	1	1	1	3	2	5
62	2	2	2	2	8	9	4	7	10	16	5	7	2	3	7	7	2	4	1	1	1	3	2	6
63	2	2	2	2	6	13	2	7	12	14	6	7	1	1	2	2	5	8	1	1	1	1	2	5
64	1	3	2	2	8	10	4	5	8	11	7	14	1	1	1	2	2	2	1	1	1	1	5	5
65	2	2	2	2	9	11	4	6	13	14	10	14	1	2	2	2	2	4	2	2	1	3	2	5
66	1	2	2	2	6	10	4	7	11	13	6	8	1	1	7	7	2	6	1	1	1	1	2	4
67	2	2	2	2	6	8	4	4	9	10	6	7	1	2	2	2	4	5	1	1	1	3	2	4
68	2	2	2	2	6	7	3	4	10	13	11	14	3	3	2	9	5	12	1	2	1	1	5	12
69	2	2	2	2	8	9	3	4	11	13	6	14	1	3	7	9	5	7	1	1	1	3	2	4
70	2	4	2	2	4	10	2	2	10	18	10	17	1	3	9	9	2	5	1	1	1	3	2	4
71	2	2	2	2	8	9	2	4	10	15	6	10	3	3	2	7	2	5	1	1	1	1	5	5
72	2	2	2	2	6	11	4	7	12	13	7	7	1	1	2	7	2	5	1	2	1	1	2	6
73	2	2	2	2	2	4	3	4	10	14	6	7	2	2	2	2	-5	-5	1	2	1	3	1	5
74	1	2	2	2	6	7	-5	-5	6	15	6	10	1	1	2	7	5	5	1	1	1	3	2	2
75	2	2	2	3	5	8	4	5	11	17	5	7	1	2	2	9	2	4	1	1	3	3	1	5
76	1	2	2	2	5	10	2	7	11	12	6	16	3	3	7	7	4	5	1	1	1	3	2	2
77	2	2	2	2	7	9	4	4	11	12	6	6	1	1	2	2	2	5	1	1	2	3	4	12
78	2	2	2	2	7	10	4	5	-5	-5	6	7	1	2	2	7	2	2	1	1	1	1	2	5
79	2	2	2	2	4	10	4	4	11	13	5	10	1	1	2	2	4	5	1	1	3	3	2	4
80	2	2	2	2	5	11	2	5	10	12	7	7	1	3	2	9	5	5	1	2	3	4	2	5
81	2	2	2	2	8	8	4	5	12	12	6	6	1	2	2	5	2	2	1	1	1	3	5	5
82	2	4	2	2	8	9	5	5	3	11	6	7	1	3	2	4	5	5	1	1	1	3	2	5
83	2	2	2	2	6	13	5	8	10	12	5	7	1	2	7	9	2	5	1	1	1	3	2	15
84	2	2	2	2	5	10	2	2	11	13	-5	-5	3	3	2	9	2	4	1	1	1	3	4	5
85	2	2	2	2	6	9	4	4	13	15	6	6	2	2	2	2	2	5	1	1	1	1	2	5
86	2	4	2	2	8	9	2	4	7	15	5	6	1	2	7	7	2	5	1	2	1	3	5	5
87	2	2	2	2	8	8	5	6	8	12	3	7	3	3	9	9	2	5	1	1	1	3	6	14
88	1	1	2	2	5	6	2	4	2	14	9	14	3	3	2	7	4	4	1	1	1	1	6	7
89	2	2	2	2	4	8	4	7	11	14	6	14	1	3	5	12	2	4	1	1	1	1	2	4
90	2	2	2	2	4	8	4	4	9	14	7	14	2	2	2	2	2	2	1	1	1	3	2	6
91	1	2	2	3	11	11	2	5	11	12	14	14	1	3	2	2	2	5	1	2	3	3	2	6
92	2	4	2	2	7	11	5	7	2	9	6	6	1	1	7	9	2	5	1	2	3	3	2	4
93	2	2	2	2	7	12	5	7	6	16	5	6	1	2	7	9	2	2	1	1	3	3	2	6
94	2	2	2	2	7	7	4	4	8	9	6	10	2	3	2	8	4	5	1	1	1	1	2	2
95	2	2	2	2	8	10	4	6	10	10	6	7	2	2	3	9	2	9	1	1	1	3	6	7
96	2	2	2	2	8	11	4	4	11	16	7	14	1	1	2	12	1	5	1	1	1	3	2	11
97	1	1	2	2	12	12	4	4	14	14	6	16	2	2	7	9	5	6	1	1	3	3	2	5
98	2	2	2	2	4	7	4	5	5	12	6	14	1	1	1	7	5	5	1	1	1	1	2	5
99	2	2	2	2	7	8	6	7	10	13	6	6	1	3	2	3	5	5	1	1	1	1	2	6
100	2	3	2	2	8	11	3	5	12	12	6	14	2	3	2	2	5	5	1	1	1	2	2	5
101	2	5	2	2	6	9	2	4	6	14	-5	-5	1	2	4	7	5	5	1	1	1	3	5	12
102	2	5	2	3	5	8	4	5	5	9	6	7	1	2	7	9	2	6	1	1	1	3	2	5
103	1	2	2	2	4	5	4	6	9	10	5	5	2	2	2	7	4	5	1	1	1	3	1	6
104	4	4	2	2	8	11	4	5	3	12	7	14	1	1	2	9	5	5	1	2	1	1	4	6
105	2	2	2	2	5	7	4	4	12	13	5	14	1	2	6	7	2	5	1	1	1	3	2	4
106	2	2	2	2	4	10	4	5	13	13	12	14	1	2	7	7	2	6	1	1	1	3	5	5
107	2	4	2	2	11	13	4	4	11	11	6	9	1	1	2	9	2	5	1	1	1	1	2	2
108	2	2	2	2	4	10	4	4	11	11	6	9	1	3	7	9	5	5	1	1	1	4	2	4
109	1	2	2	2	6	13	2	4	10	13	6	6	2	3	1	2	4	10	1	1	3	3	2	2
110	2	2	2	2	2	8	4	7	4	11	9	9	1	1	4	7	2	5	1	1	1	3	2	5
111	2	2	2	2	9	10	5	7	11	11	6	10	1	1	2	7	5	5	1	1	1	1	2	5
112	2	5	2	2	7	13	3	5	14	15	6	16	2	3	6	7	5	5	1	1	1	3	2	3
113	1	5	2	2	4	7	4	5	2	13	5	6	1	3	7	7	4	5	1	1	1	1	2	2
114	2	5	2	2	6	7	4	5	13	13	6	6	1	3	2	7	-5	-5	1	1	3	3	2	4
115	2	2	2	2	8	14	4	5	7	13	7	15	1	1	2	3	1	7	1	1	1	3	2	2
116	2	4	2	2	4	7	7	7	8	13	6	14	1	3	3	7	1	2	1	1	1	3	3	4
117	1	4	2	2	4	6	-5	-5	12	14	5	6	1	1	2	7	1	5	1	1	1	3	6	12
118	2	2	2	2	8	10	4	6	11	14	6	9	1	2	7	7	5	5	1	1	1	1	2	4
119	1	1	2	2	7	11	3	3	13	13	7	10	1	2	2	7	4	5	1	1	1	1	2	2
120	2	3	2	2	9	13	2	2	11	11	7	9	1	1	2	7	4	5	1	1	3	3	2	2
121	2	2	2	2	7	7	1	2	10	13	8	9	2	3	2	7	1	4	1	1	1	1	2	5
122	2	2	2	2	4	7	2	7	11	15	5	6	3	3	2	7	-5	-5	1	1	1	1	5	5
123	2	2	2	2	5	10	3	7	9	12	7	8	1	2	7	7	2	5	1	1	1	1	5	6
124	2	2	2	2	8	13	2	4	10	13	11	14	1	1	2	7	2	2	1	1	1	3	1	6
125	2	2	2	2	6	9	1	5	11	12	6	7	2	3	7	8	2	5	1	1	2	4	2	6
126	2	5	2	2	8	8	2	5	8	11	6	14	1	1	2	7	5	6	1	1	1	3	2	6
127	2	4	2	2	8	9	2	4	11	15	6	9	-5	-5	7	7	2	5	1	1	1	3	2	5
128	2	2	2	2	5	6	3	4	10	11	9	14	2	2	6	7	-5	-5	1	1	1	3	5	5
129	2	2	2	2	5	9	4	5	8	8	6	16	2	3	2	2	2	2	1	1	1	3	2	2
130	2	2	2	2	7	13	5	6	7	12	7	8	1	2	2	9	2	5	1	1	1	3	3	5
131	2	2	2	2	7	8	2	4	6	11	6	15	1	2	2	9	2	4	1	1	1	3	2	12
132	2	5	2	2	9	10	4	5	5	10	5	9	1	3	2	2	2	4	1	1	1	3	2	2
133	2	2	2	4	5	6	4	5	8	16	6	8	-5	-5	2	9	5	5	1	2	1	2	2	2
134	1	2	2	2	7	13	4	7	12	14	3	8	1	2	2	12	1	5	1	3	3	3	2	5
135	2	3	2	4	6	7	2	7	10	11	6	6	1	1	2	2	2	5	1	1	1	1	2	5
136	2	5	2	2	1	8	4	6	12	14	7	9	1	1	7	7	2	5	1	1	3	3	2	5
137	2	2	2	2	9	13	4	5	8	14	5	16	1	2	2	7	2	4	2	3	1	2	2	7
138	2	3	2	3	4	7	2	7	5	11	9	14	1	1	2	7	2	5	1	1	3	3	2	5
139	2	3	2	2	6	7	4	4	10	11	6	14	3	3	2	3	5	7	1	1	1	3	2	5
140	2	3	2	2	7	7	4	5	15	17	5	11	1	2	2	9	2	5	1	1	1	1	2	11
141	1	2	2	2	6	10	2	2	11	14	5	10	3	3	2	7	5	5	1	2	1	1	5	5
142	2	4	2	2	4	13	2	4	11	12	5	7	1	1	2	9	2	5	1	1	3	3	2	2
143	1	2	2	2	5	6	4	5	11	15	-5	-5	1	1	2	7	5	5	1	1	1	1	1	2
144	2	2	2	2	5	10	2	5	12	16	6	7	1	3	7	7	2	4	1	1	1	3	5	6
145	2	2	2	2	7	13	2	4	10	12	5	14	2	2	5	12	5	5	1	1	1	1	2	4
146	2	2	2	2	7	8	3	4	13	13	7	10	2	3	2	7	4	5	1	1	1	1	5	5
147	2	2	2	3	8	8	2	4	7	10	7	14	1	3	2	2	5	7	1	1	1	1	5	12
148	1	2	2	2	7	9	6	7	10	11	10	14	1	2	2	2	2	4	1	1	1	2	5	6
149	2	2	2	2	8	8	1	4	13	14	9	10	1	2	2	2	5	5	1	2	1	3	5	5
150	2	5	2	2	7	9	2	4	12	12	5	16	1	2	2	7	-5	-5	1	1	3	3	1	2
151	2	2	2	2	6	13	4	4	6	11	6	6	2	3	2	10	4	5	1	1	1	3	2	2
152	2	2	2	2	8	8	7	7	9	10	6	10	2	3	2	7	2	4	1	1	1	3	2	2
153	2	5	2	2	12	14	3	7	11	14	6	8	1	1	7	7	5	5	1	1	1	3	2	3
154	2	2	2	2	8	10	2	4	8	12	5	5	1	3	7	9	5	5	1	1	3	3	2	6
155	2	5	2	2	5	9	4	4	7	13	6	14	2	3	7	9	2	5	1	1	1	3	2	2
156	2	2	2	2	5	7	4	4	7	11	6	10	1	3	2	7	2	5	1	1	1	1	6	7
157	2	2	2	3	9	10	2	2	8	11	5	6	2	3	7	9	5	5	1	1	1	3	5	5
158	2	2	2	3	7	9	5	6	8	13	4	7	1	3	2	2	5	9	1	2	3	3	2	5
159	2	2	2	2	7	13	4	6	11	14	6	6	1	1	8	9	2	2	1	1	1	1	3	5
160	2	2	-5	-5	6	12	2	5	8	10	5	6	1	2	2	7	5	5	1	1	1	2	2	3
161	3	3	2	2	8	11	4	4	9	9	5	8	1	1	2	9	2	4	1	1	1	1	1	5

