1
10000
3
0
13
7,5,4,14,8,18,17,3,12,11,3,4,14
2
0,1
0,1,68,22,6,13,0
19,82,1,4,4
1,103,4,4
3,0,1,5,7,8,21,24,10,12,11,2,7,1
2,10,12,42,29,6,9,0
0,0,0,0,1,3,6,6,15,18,17,20,8,8,3,4,1,0
0,1,1,3,13,33,12,3,4,12,1,0,1,16,1,3,0
55,38,19
0,37,2,2,3,0,45,0,23,0,0,0
11,29,0,12,48,4,2,3,1,0,0
99,13,0
63,0,47,2
8,32,1,8,36,14,2,1,1,2,1,1,0,1
0,0,33,19,1,3,0
7,37,2,5,5
0,54,2,0
0,0,0,5,5,6,10,11,3,3,8,1,3,1
0,8,4,18,14,3,6,1
0,3,1,0,2,2,1,1,2,5,7,11,11,6,2,2,0,0
0,0,0,0,5,21,10,0,3,1,0,0,0,10,1,1,0
29,14,13
1,18,4,1,2,2,18,0,8,0,0,2
4,14,0,7,26,1,1,0,1,0,0
52,4,0
31,1,23,1
0,24,2,8,9,7,2,0,0,0,1,2,0,1
2,3,294,179,19,54,11
59,422,15,50,20
2,538,16,10
7,4,5,24,42,82,116,102,61,43,38,14,26,4
8,109,33,233,91,40,54,0
1,0,3,2,5,14,18,47,46,75,114,74,64,49,31,19,2,2
3,3,3,14,45,188,72,18,40,56,9,4,2,70,4,24,1
292,157,117
3,244,19,6,6,4,189,5,82,6,1,5
20,167,1,76,230,12,14,12,3,1,1
499,67,4
282,24,242,20
20,251,20,43,159,44,5,2,3,1,4,9,4,3
1
