1
10000
2
1
13
4,4,11,4,15,17,7,9,16,5,6,17,2,5,4,5,7
2
0,1
0,3,5,0
3,3,0,0
1,1,3,0,1,2,0,0,0,0,0
0,2,4,0
0,0,2,1,1,1,0,0,3,0,0,0,0,0,0
1,3,0,0,0,1,0,0,0,0,3,0,0,0,0,0,0
1,4,0,2,0,1,0
0,2,1,0,1,2,0,2,0
2,2,0,0,1,0,1,0,0,0,1,0,0,0,0,1
0,7,0,1,0
1,3,0,4,0,0
2,1,0,2,0,1,0,1,0,0,0,0,1,0,0,0,0
3,5
1,1,3,2,1
0,8,0,0
3,5,0,0,0
0,0,1,2,1,0,0
0,4,8,0
7,5,0,0
0,0,4,1,0,5,0,0,2,0,0
0,9,3,0
1,0,5,0,0,2,0,0,2,0,0,2,0,0,0
2,2,1,1,1,0,0,1,0,0,2,0,0,2,0,0,0
2,3,4,2,1,0,0
1,4,3,0,2,0,1,1,0
4,1,0,0,3,0,0,0,0,1,0,0,1,0,1,1
0,10,2,0,0
1,9,1,1,0,0
4,0,0,2,0,1,2,0,0,0,1,0,1,0,0,1,0
5,7
7,1,3,1,0
2,10,0,0
4,6,0,2,0
0,0,1,2,4,4,1
2,71,183,16
128,130,1,1
1,6,104,9,20,88,6,28,6,1,1
2,180,85,3
18,3,84,1,10,36,13,1,41,1,20,10,2,2,27
50,64,12,10,13,0,5,24,8,1,28,1,17,8,2,1,26
56,100,39,64,3,9,1
55,19,83,6,41,27,4,34,2
155,26,1,1,42,4,1,4,1,1,8,9,6,5,4,5
2,193,20,51,8
13,131,23,74,18,8
53,6,3,43,26,9,34,29,16,8,4,4,5,6,7,2,1
102,174
110,6,100,57,0
33,239,1,1
63,151,28,31,2
1,2,41,24,70,96,15
1
