1
10000
2
2
13
7,5,4,14,8,18,17,3,12,11,3,4,14
2
0,1
0,0,41,21,2,11,1
13,51,1,10,3
1,74,1,2
1,1,3,1,2,17,20,18,4,3,1,5,2,0
3,16,4,32,13,6,4,0
0,0,0,0,1,0,2,7,8,12,15,10,10,11,1,1,0,0
0,0,0,3,6,27,10,1,9,7,2,0,0,6,1,2,0
36,26,16
0,30,5,0,1,0,27,1,13,1,0,0
4,19,1,6,39,1,2,2,0,0,0
66,12,0
43,2,28,5
3,34,3,6,22,7,0,0,0,0,1,1,1,0
0,0,36,18,5,9,0
5,52,3,2,6
0,62,3,1
1,0,0,2,7,5,16,8,10,7,2,2,7,1
2,15,3,22,14,6,6,0
0,0,0,0,2,2,3,9,3,9,14,8,4,7,4,2,1,0
0,0,1,1,9,19,9,7,5,1,3,0,0,7,1,3,0
32,18,14
0,23,0,1,0,1,28,2,12,0,0,1
3,18,0,8,32,1,1,0,1,0,0
58,8,2
38,4,25,1
3,25,4,2,22,8,2,0,0,0,1,1,0,0
2,4,320,178,20,47,11
68,439,11,48,20
2,561,17,10
8,3,3,31,45,70,110,114,61,49,54,12,25,5
5,91,42,245,108,39,55,1
1,3,5,2,4,17,21,38,54,73,106,86,70,47,31,22,2,2
3,4,4,13,48,195,78,13,32,61,5,4,3,81,4,23,1
306,170,116
4,244,19,9,9,5,198,3,90,5,1,5
28,172,0,82,233,16,13,13,4,1,1
526,64,2
295,19,259,17
23,245,16,51,159,53,7,3,4,3,4,10,2,5
1
