1
10000
2
1
13
7,5,4,14,8,18,17,3,12,11,3,4,14
2
0,1
0,0,14,3,0,3,0
3,16,0,0,1
1,17,2,0
0,0,0,1,3,3,3,5,0,2,1,0,2,0
0,2,1,4,9,1,3,0
0,0,0,0,0,0,0,0,3,2,5,3,2,2,0,2,1,0
0,0,0,1,2,7,4,1,1,1,0,0,0,1,0,0,0
10,5,5
0,4,0,0,0,0,12,0,4,0,0,0
2,6,0,1,10,0,0,1,0,0,0
17,3,0
14,0,6,0
2,7,0,0,7,2,1,1,0,0,0,0,0,0
0,0,10,3,0,1,0
1,12,0,1,0
0,13,1,0
0,0,0,2,0,0,3,3,0,1,4,1,0,0
0,1,0,5,4,1,3,0
0,1,0,0,1,1,0,0,1,2,3,2,0,1,0,2,0,0
0,0,0,0,1,6,2,0,0,0,0,0,0,5,0,0,0
9,3,2
1,3,1,0,1,0,3,0,3,0,0,2
1,6,0,1,5,0,0,0,1,0,0
12,2,0
6,0,8,0
0,6,0,2,1,3,1,0,0,0,1,0,0,0
2,4,375,214,27,68,12
82,520,18,60,28
2,675,19,14
10,4,6,33,52,93,142,132,76,57,51,16,34,6
10,125,48,287,125,49,63,1
1,2,5,2,7,18,26,55,60,95,131,100,82,60,37,21,2,2
3,4,5,15,64,232,91,20,46,69,10,4,3,89,6,28,1
361,204,145
3,295,24,10,10,6,241,5,108,6,1,5
32,202,1,94,294,17,17,14,4,1,1
630,80,4
362,25,302,23
27,296,23,58,200,62,7,2,4,3,5,11,4,5
1
