1
10000
3
0
13
7,5,4,14,8,18,17,3,12,11,3,4,14
2
0,1
0,0,27,15,2,4,0
8,28,2,8,2
1,44,1,2
2,0,2,0,6,8,10,9,3,4,4,0,0,0
2,12,2,17,8,5,2,0
0,0,0,0,1,0,2,3,6,4,7,12,4,4,2,3,0,0
0,1,1,3,5,14,4,1,4,3,0,1,0,10,0,1,0
22,14,12
0,15,2,1,3,0,19,0,8,0,0,0
2,11,0,5,22,1,1,1,1,0,0
45,3,0
21,2,22,3
2,20,1,2,12,3,0,0,1,0,1,1,1,2
0,0,14,9,1,2,0
1,21,2,0,2
0,21,3,0
0,0,0,0,2,2,4,6,4,2,1,2,2,1
1,5,1,12,2,3,2,0
0,0,0,0,0,1,3,4,2,3,6,1,3,3,0,0,0,0
0,0,0,1,5,9,2,2,1,3,0,0,0,3,0,0,0
13,6,7
0,12,0,0,0,0,7,1,5,1,0,0
0,6,0,3,15,0,1,0,1,0,0
24,2,0
15,2,9,0
1,8,3,0,9,3,1,0,0,0,0,1,0,0
2,4,362,195,24,65,12
79,500,14,53,24
2,642,18,12
8,4,4,37,47,86,134,124,68,54,52,17,34,5
7,110,45,273,128,43,63,1
1,3,5,2,7,18,21,49,57,91,127,91,75,59,35,22,3,2
3,3,4,13,56,223,91,18,42,63,10,3,3,84,6,27,1
345,195,132
4,277,23,9,8,6,228,5,103,5,1,7
33,198,1,88,274,17,15,14,3,1,1
592,80,4
346,21,287,20
25,283,19,58,186,62,8,3,3,3,5,10,3,3
1
