0
10000
2
1
13
5,5,4,12,7,15,14,3,9,8,2,4,13
2
0,1
1,63,15,3,10
17,60,2,8,3
1,88,4,1
3,4,7,13,19,20,7,8,6,0,6,1
1,13,10,31,30,4,5
0,0,0,3,4,8,13,11,17,12,5,11,4,3,1
2,1,4,12,25,12,2,4,12,2,0,10,2,0
48,30,16
0,34,5,1,0,0,37,17,0
6,30,14,32,3,3,3,1
81,13
46,2,42,2
7,25,3,7,28,14,4,1,1,2,1,0,1
0,32,15,1,2
5,32,2,6,5
0,48,2,0
0,7,2,3,10,9,2,4,8,1,3,1
0,4,4,19,12,3,6
2,1,2,2,1,1,2,3,10,7,11,5,1,2,0
0,0,0,4,19,7,0,4,1,0,1,10,1,1
30,11,9
1,13,4,1,1,2,19,7,2
4,11,4,25,2,1,0,1
47,3
28,1,20,1
0,24,2,8,6,6,1,0,0,0,1,2,0
