                   Output from the program

 Estimating Ne and m jointly, assuming an infinite source

**************** Likelihood estimates ***************
   PARAMETER      POINT_EST         +95%CI         -95%CI
          Ne     3.7544E+01  >  1.0000E+04     1.6893E+01
           m     9.9967E-01  >  1.0000E+00  <  1.0000E-03

Relative profile log-likelihood as a function of Ne
              Ne          Log(L)
           16.89         -2.0000
           18.79         -1.3540
           21.04         -0.8902
           22.04         -0.7200
           24.04         -0.4664
           27.04         -0.2318
           30.04         -0.1015
           32.54         -0.0392
           34.54         -0.0128
           37.54          0.0000
           42.54         -0.0217
           46.54         -0.0594
           51.54         -0.1165
           58.54         -0.2002
           77.45         -0.4074
          100.04         -0.5691
          153.62         -0.7596
          221.10         -0.9512
          256.77         -1.0230
          258.77         -1.0269
          260.77         -1.0306
          262.77         -1.0343
          264.77         -1.0379
          266.77         -1.0414
          268.77         -1.0449
          270.77         -1.0484
          272.77         -1.0517
          274.77         -1.0550
          276.77         -1.0583
          278.77         -1.0615
          280.77         -1.0646
          282.77         -1.0677
          284.77         -1.0707
          286.77         -1.0737
          288.77         -1.0766
          290.77         -1.0795
          292.77         -1.0824
          294.77         -1.0852
          296.77         -1.0879
          298.77         -1.0906
          300.77         -1.0933
          302.77         -1.0959
          304.77         -1.0985
          306.77         -1.1010
          308.77         -1.1035
          310.77         -1.1060
          312.77         -1.1084
          314.77         -1.1108
          316.77         -1.1131
          318.77         -1.1155
          320.77         -1.1177
          322.77         -1.1200
          324.77         -1.1222
          326.77         -1.0317
          658.58         -1.1049
         1708.06         -1.1562
         5415.73         -1.1862
        10000.00         -1.1889

Relative profile log-likelihood as a function of  m
               m          Log(L)
          0.0010         -1.8631
          0.0014         -1.8631
          0.0019         -1.3307
          0.0034         -1.1948
          0.0069         -1.1821
          0.0131         -1.1721
          0.0241         -1.1554
          0.0458         -1.1263
          0.0862         -1.0806
          0.1420         -1.0271
          0.2103         -0.9629
          0.2804         -0.8740
          0.3711         -0.7131
          0.4374         -0.5822
          0.5623         -0.3577
          0.6873         -0.1927
          0.8122         -0.0866
          0.8997         -0.0386
          0.9497         -0.0177
          0.9997          0.0000

**************** Moment     estimates ***************

MT_Ne=       72.79    MT_m=      0.9580



 Program started:  Date(d/m/y)=05/07/2009,  Time(s/m/hr)=39/38/10
 Program finished: Date(d/m/y)=05/07/2009,  Time(s/m/hr)=20/32/21
