1
10000
2
1
13
4,4,11,4,15,17,7,9,16,5,6,17,2,5,4,5,7
2
0,1
0,4,8,0
3,7,0,0
0,2,6,0,1,3,0,0,0,0,0
0,5,5,0
0,0,4,0,0,0,0,0,4,0,2,1,0,0,1
4,2,0,0,1,0,0,0,0,0,1,0,2,1,0,0,1
4,3,2,3,0,0,0
5,3,2,0,2,0,0,0,0
7,1,0,0,3,0,0,1,0,0,0,0,0,0,0,0
0,10,0,2,0
0,5,1,6,0,0
3,0,0,2,0,1,2,2,1,0,0,0,0,1,0,0,0
5,7
5,0,6,1,0
3,9,0,0
3,6,0,3,0
0,0,2,1,3,2,0
0,4,5,3
5,7,0,0
0,0,8,0,1,3,0,0,0,0,0
0,9,3,0
2,0,4,0,0,1,0,0,1,0,2,2,0,0,0
2,3,1,0,1,0,0,1,0,0,1,0,1,2,0,0,0
2,6,2,2,0,0,0
0,0,3,1,4,1,0,3,0
6,0,0,0,1,0,0,0,0,0,0,2,0,1,1,1
0,8,2,2,0
1,3,5,2,1,0
3,0,0,2,0,1,2,0,1,0,0,0,0,0,1,0,0
5,7
5,0,5,2,0
3,9,0,0
4,5,0,3,0
0,0,3,1,3,4,1
2,76,189,15
139,131,1,1
2,5,100,10,22,95,6,28,10,1,1
2,189,86,3
20,3,90,3,11,35,12,1,43,1,16,9,2,2,28
47,68,13,12,17,2,5,21,8,1,32,1,14,7,2,1,26
51,106,43,66,4,9,1
54,22,84,5,39,29,6,36,2
161,33,1,1,40,5,2,3,1,2,9,7,6,4,3,4
2,201,22,48,9
14,139,19,71,20,8
54,7,3,44,25,10,35,31,16,8,6,5,6,5,6,4,1
105,179
114,6,95,65,1
31,249,1,1
67,155,31,28,2
1,2,38,27,78,96,15
1
