1
10000
2
1
13
7,5,4,14,8,18,17,3,12,11,3,4,14
2
0,1
0,0,8,12,1,1,0
0,18,1,2,1
0,21,1,0
1,0,0,1,0,5,4,6,1,1,3,0,0,0
0,3,1,9,4,3,2,0
0,0,1,0,0,1,0,2,2,7,5,1,1,0,1,1,0,0
1,0,0,0,2,6,7,0,1,2,0,0,0,2,0,1,0
13,5,4
0,7,1,0,0,0,7,0,7,0,0,0
3,9,0,0,5,2,0,0,1,0,0
16,6,0
12,0,8,2
1,9,3,1,4,4,0,0,0,0,0,0,0,0
0,0,5,3,1,1,0
0,9,0,0,1
0,10,0,0
0,0,0,1,1,1,0,2,1,1,0,0,1,0
0,4,1,2,0,0,3,0
0,0,0,0,0,0,0,1,1,1,2,1,1,2,0,1,0,0
0,0,0,0,1,5,3,0,1,0,0,0,0,0,0,0,0
8,1,1
0,5,0,0,0,0,5,0,0,0,0,0
0,4,0,2,3,0,0,1,0,0,0
10,0,0
5,0,5,0
0,6,0,0,3,1,0,0,0,0,0,0,0,0
2,4,390,205,24,69,12
86,525,17,57,27
3,676,21,14
9,4,6,34,54,89,145,134,72,58,54,19,34,6
10,121,47,288,133,48,64,1
1,3,4,2,8,18,26,53,62,91,132,101,81,64,36,23,3,2
2,4,4,17,64,233,88,21,45,69,10,3,3,94,6,28,1
355,212,147
4,290,24,10,11,6,244,6,109,6,1,7
32,202,1,95,300,16,17,14,4,1,1
635,79,4
364,24,307,21
28,296,20,59,199,63,9,3,4,3,6,12,4,5
1
