1
10000
2
0
13
7,5,4,14,8,18,17,3,12,11,3,4,14
2
0,1
0,0,10,9,0,0,1
6,13,0,1,0
0,18,0,2
1,1,0,0,4,2,0,4,1,2,5,0,0,0
0,4,2,7,4,2,1,0
0,0,0,0,0,0,0,0,3,1,4,1,4,3,2,2,0,0
0,0,0,0,0,11,2,0,1,1,0,0,0,2,0,3,0
9,9,2
0,9,0,0,0,0,8,0,2,0,0,1
0,4,0,4,11,0,0,1,0,0,0
19,1,0
5,1,13,1
2,10,1,1,4,1,0,0,0,0,0,1,0,0
0,0,4,3,0,0,1
1,8,0,1,0
0,10,0,0
0,0,0,0,2,0,1,3,1,1,0,2,0,0
1,0,2,4,2,0,1,0
0,0,0,0,0,1,0,0,1,1,3,3,1,0,0,0,0,0
0,0,0,0,1,3,2,0,1,1,0,0,0,1,0,1,0
4,4,2
0,3,0,0,1,0,2,0,3,0,1,0
0,3,0,2,4,0,1,0,0,0,0
9,1,0
4,0,6,0
0,5,1,1,3,0,0,0,0,0,0,0,0,0
2,4,385,208,26,72,7
81,522,18,58,29
3,674,21,12
9,3,6,37,49,90,148,133,72,57,50,17,35,6
9,123,45,286,131,48,65,1
1,3,5,2,8,18,26,55,62,97,126,101,77,62,35,23,3,2
3,4,5,16,65,230,93,20,45,68,10,4,3,93,6,24,1
363,200,147
4,288,25,10,10,6,244,6,109,6,0,6
35,206,1,89,291,18,16,14,5,1,1
628,82,4
373,22,297,20
27,292,20,57,201,67,9,3,4,3,6,10,3,5
1
