1
10000
2
1
13
7,5,4,14,8,18,17,3,12,11,3,4,14
2
0,1
0,0,8,12,1,1,0
0,18,1,2,1
0,21,1,0
1,0,0,1,0,5,4,6,1,1,3,0,0,0
0,3,1,9,4,3,2,0
0,0,1,0,0,1,0,2,2,7,5,1,1,0,1,1,0,0
1,0,0,0,2,6,7,0,1,2,0,0,0,2,0,1,0
13,5,4
0,7,1,0,0,0,7,0,7,0,0,0
3,9,0,0,5,2,0,0,1,0,0
16,6,0
12,0,8,2
1,9,3,1,4,4,0,0,0,0,0,0,0,0
0,0,5,3,1,1,0
0,9,0,0,1
0,10,0,0
0,0,0,1,1,1,0,2,1,1,0,0,1,0
0,4,1,2,0,0,3,0
0,0,0,0,0,0,0,1,1,1,2,1,1,2,0,1,0,0
0,0,0,0,1,5,3,0,1,0,0,0,0,0,0,0,0
8,1,1
0,5,0,0,0,0,5,0,0,0,0,0
0,4,0,2,3,0,0,1,0,0,0
10,0,0
5,0,5,0
0,6,0,0,3,1,0,0,0,0,0,0,0,0
0,1,34,19,3,11,0
11,50,1,2,2
0,64,1,3
1,0,2,3,5,4,13,15,4,7,8,4,2,0
1,6,6,33,9,4,7,0
0,0,0,0,1,2,4,1,8,13,9,14,6,3,2,2,0,1
0,0,0,3,6,22,8,1,2,5,0,0,1,11,0,4,1
39,18,11
1,20,1,1,3,0,25,0,17,0,0,0
6,18,0,5,31,2,0,2,0,0,0
60,7,1
35,1,31,1
4,28,1,4,18,6,0,0,0,1,0,1,0,1
1
