1
10000
3
0
13
7,5,4,14,8,18,17,3,12,11,3,4,14
2
0,1
1,1,50,40,4,15,1
11,85,2,6,6
0,106,3,3
2,0,2,4,7,14,20,23,10,10,12,4,3,1
2,13,10,52,15,7,11,0
0,0,1,0,1,4,5,5,11,24,15,20,8,4,7,4,0,1
2,0,0,3,9,32,21,1,5,12,0,0,1,16,0,5,1
65,29,18
1,40,2,2,3,1,36,0,25,1,0,1
10,36,0,7,44,5,1,2,1,0,0
95,16,1
52,5,52,3
6,51,5,6,26,10,0,0,0,1,0,1,1,1
0,0,19,19,1,2,1
4,36,1,0,1
0,41,1,0
0,0,0,1,6,7,2,9,6,4,3,0,2,0
0,10,3,17,5,1,5,1
0,1,0,0,0,0,0,2,2,6,8,8,7,4,2,1,1,0
0,0,0,0,3,15,11,0,2,2,1,0,0,5,0,1,0
21,8,13
1,22,0,0,1,0,12,0,6,0,0,0
0,16,0,9,14,0,1,1,0,0,1
37,5,0
24,1,16,1
1,15,0,4,15,3,1,0,0,0,0,2,0,1
1,3,324,156,19,52,9
69,416,15,50,22
3,540,18,11
8,3,4,28,42,71,124,106,56,42,42,15,30,5
8,101,35,224,113,42,51,0
1,2,3,2,7,13,20,48,51,67,113,74,66,57,26,20,2,0
0,4,3,14,53,191,62,19,40,53,9,3,2,75,6,23,0
278,177,117
2,233,23,7,7,5,201,6,80,5,1,6
25,155,1,80,242,12,15,12,4,1,0
512,61,3
294,18,243,19
21,238,18,47,159,53,8,3,4,2,6,9,3,3
1
