

----------------------------------------------------
STRUCTURE by Pritchard, Stephens and Donnelly (2000)
     and Falush, Stephens and Pritchard (2003)
       Code by Pritchard, Falush and Hubisz
             Version 2.3.1 (Febrauary 2009)
----------------------------------------------------



Command line arguments:   bin/structure -m "/Users/mpinsky/Documents/Stanford/Philippines/2008/Genotyping/Analysis/PRBI/Structure/PRBI 2009-08-31/Adcor10k20k/mainparams" -e "/Users/mpinsky/Documents/Stanford/Philippines/2008/Genotyping/Analysis/PRBI/Structure/PRBI 2009-08-31/Adcor10k20k/extraparams" 
Input File:    /Users/mpinsky/Documents/Stanford/Philippines/2008/Genotyping/Analysis/PRBI/Structure/PRBI 2009-08-31/project_data

Run parameters:
   160 individuals
   16 loci
   3 populations assumed
   10000 Burn-in period
   20000 Reps


--------------------------------------------
Proportion of membership of each pre-defined
 population in each of the 3 clusters

Given    Inferred Clusters       Number of
 Pop       1      2      3      Individuals

  1:     0.333  0.325  0.342       20
  2:     0.310  0.357  0.333       21
  3:     0.339  0.328  0.332       16
  4:     0.308  0.361  0.332       16
  5:     0.351  0.333  0.316       18
  6:     0.331  0.312  0.357       21
  7:     0.327  0.324  0.350       19
  8:     0.305  0.318  0.378        4
  9:     0.299  0.321  0.380        2
 10:     0.278  0.300  0.422        1
 11:     0.307  0.368  0.325       20
 12:     0.305  0.337  0.358        2
--------------------------------------------

Allele-freq. divergence among pops (Net nucleotide distance),
computed using point estimates of P.

      1       2       3      
 1      -    0.0565  0.0667  
 2   0.0565     -    0.1083  
 3   0.0667  0.1083     -    

Average distances (expected heterozygosity) between individuals in same cluster:
cluster  1  : 0.7180 
cluster  2  : 0.5248 
cluster  3  : 0.5072 

--------------------------------------------
Estimated Ln Prob of Data   = -6568.5
Mean value of ln likelihood = -6368.6
Variance of ln likelihood   = 399.7
Mean value of alpha         = 3.5339

Mean value of Fst_1         = 0.0005
Mean value of Fst_2         = 0.3401
Mean value of Fst_3         = 0.3569


Inferred ancestry of individuals:
        Label (%Miss) Pop:  Inferred clusters
  1        1    (0)    1 :  0.425 0.233 0.342 
  2        1    (0)    1 :  0.289 0.412 0.299 
  3        1    (0)    1 :  0.307 0.391 0.302 
  4        1    (0)    1 :  0.318 0.301 0.381 
  5        1    (0)    1 :  0.259 0.491 0.250 
  6        1    (0)    1 :  0.361 0.277 0.362 
  7        1   (12)    1 :  0.279 0.440 0.281 
  8        1    (6)    1 :  0.382 0.269 0.349 
  9        1    (6)    1 :  0.265 0.280 0.455 
 10        1    (0)    1 :  0.327 0.317 0.356 
 11        1    (0)    1 :  0.447 0.193 0.360 
 12        1   (18)    1 :  0.346 0.252 0.402 
 13        1    (0)    1 :  0.269 0.302 0.428 
 14        1    (6)    1 :  0.325 0.335 0.339 
 15        1    (0)    1 :  0.391 0.330 0.279 
 16        1    (0)    1 :  0.421 0.296 0.283 
 17        1    (6)    1 :  0.326 0.390 0.284 
 18        1    (0)    1 :  0.354 0.353 0.293 
 19        1   (12)    1 :  0.324 0.318 0.358 
 20        1    (0)    1 :  0.246 0.322 0.433 
 21        2    (0)    2 :  0.341 0.242 0.417 
 22        2    (0)    2 :  0.391 0.364 0.245 
 23        2    (6)    2 :  0.268 0.403 0.329 
 24        2    (0)    2 :  0.409 0.259 0.332 
 25        2    (0)    2 :  0.260 0.444 0.296 
 26        2    (0)    2 :  0.319 0.393 0.288 
 27        2    (0)    2 :  0.298 0.402 0.300 
 28        2    (0)    2 :  0.288 0.224 0.488 
 29        2    (0)    2 :  0.283 0.412 0.305 
 30        2    (0)    2 :  0.405 0.339 0.256 
 31        2    (6)    2 :  0.274 0.413 0.314 
 32        2   (12)    2 :  0.356 0.313 0.331 
 33        2    (0)    2 :  0.320 0.269 0.412 
 34        2    (0)    2 :  0.232 0.437 0.332 
 35        2    (0)    2 :  0.308 0.322 0.369 
 36        2    (0)    2 :  0.406 0.271 0.323 
 37        2    (0)    2 :  0.369 0.348 0.283 
 38        2    (0)    2 :  0.195 0.571 0.234 
 39        2    (0)    2 :  0.237 0.491 0.272 
 40        2    (0)    2 :  0.294 0.262 0.444 
 41        2    (0)    2 :  0.259 0.309 0.431 
 42        7    (6)    3 :  0.294 0.377 0.328 
 43        7    (0)    3 :  0.279 0.248 0.472 
 44        7    (0)    3 :  0.412 0.323 0.265 
 45        7    (0)    3 :  0.424 0.327 0.249 
 46        7    (0)    3 :  0.442 0.344 0.215 
 47        7    (0)    3 :  0.410 0.300 0.290 
 48        7   (31)    3 :  0.320 0.319 0.361 
 49        7    (0)    3 :  0.256 0.251 0.493 
 50        7    (0)    3 :  0.401 0.267 0.332 
 51        7   (25)    3 :  0.244 0.474 0.282 
 52        7   (12)    3 :  0.221 0.429 0.349 
 53        7    (0)    3 :  0.447 0.268 0.285 
 54        7    (0)    3 :  0.391 0.319 0.291 
 55        7    (0)    3 :  0.279 0.310 0.412 
 56        7   (18)    3 :  0.325 0.425 0.250 
 57        7   (12)    3 :  0.288 0.270 0.442 
 58        8   (12)    4 :  0.301 0.406 0.293 
 59        8    (6)    4 :  0.226 0.323 0.450 
 60        8   (37)    4 :  0.348 0.357 0.295 
 61        8    (0)    4 :  0.363 0.332 0.306 
 62        8    (0)    4 :  0.470 0.323 0.206 
 63        8    (6)    4 :  0.372 0.338 0.291 
 64        8    (6)    4 :  0.264 0.413 0.323 
 65        8    (0)    4 :  0.279 0.423 0.299 
 66        8    (0)    4 :  0.284 0.322 0.394 
 67        8    (0)    4 :  0.268 0.319 0.413 
 68        8   (25)    4 :  0.304 0.316 0.380 
 69        8   (18)    4 :  0.287 0.354 0.359 
 70        8    (0)    4 :  0.224 0.296 0.480 
 71        8    (0)    4 :  0.280 0.508 0.212 
 72        8    (0)    4 :  0.316 0.426 0.258 
 73        8    (0)    4 :  0.336 0.319 0.345 
 74        9   (50)    5 :  0.672 0.170 0.159 
 75        9    (6)    5 :  0.239 0.347 0.415 
 76        9    (6)    5 :  0.369 0.408 0.223 
 77        9   (18)    5 :  0.284 0.445 0.271 
 78        9    (0)    5 :  0.443 0.339 0.218 
 79        9    (0)    5 :  0.298 0.369 0.333 
 80        9    (0)    5 :  0.341 0.351 0.308 
 81        9    (0)    5 :  0.239 0.368 0.393 
 82        9    (0)    5 :  0.249 0.364 0.387 
 83        9    (0)    5 :  0.347 0.387 0.266 
 84        9    (0)    5 :  0.253 0.309 0.438 
 85        9    (0)    5 :  0.314 0.331 0.355 
 86        9    (0)    5 :  0.332 0.294 0.374 
 87        9    (0)    5 :  0.394 0.232 0.374 
 88        9   (37)    5 :  0.429 0.271 0.300 
 89        9    (6)    5 :  0.257 0.437 0.305 
 90        9    (0)    5 :  0.394 0.253 0.352 
 91        9    (6)    5 :  0.464 0.325 0.211 
 92       10    (0)    6 :  0.344 0.325 0.331 
 93       10    (0)    6 :  0.219 0.207 0.574 
 94       10   (25)    6 :  0.340 0.378 0.283 
 95       10    (0)    6 :  0.486 0.223 0.291 
 96       10    (0)    6 :  0.265 0.342 0.393 
 97       10    (0)    6 :  0.275 0.396 0.329 
 98       10    (0)    6 :  0.305 0.338 0.357 
 99       10    (6)    6 :  0.251 0.324 0.426 
100       10    (0)    6 :  0.487 0.251 0.262 
101       10    (0)    6 :  0.329 0.331 0.340 
102       10    (0)    6 :  0.442 0.254 0.304 
103       10    (0)    6 :  0.374 0.343 0.283 
104       10    (6)    6 :  0.252 0.303 0.445 
105       10    (0)    6 :  0.330 0.279 0.391 
106       10   (37)    6 :  0.368 0.349 0.284 
107       10    (0)    6 :  0.351 0.318 0.331 
108       10    (0)    6 :  0.419 0.239 0.342 
109       10    (0)    6 :  0.282 0.487 0.230 
110       10    (0)    6 :  0.262 0.280 0.458 
111       10    (0)    6 :  0.296 0.283 0.421 
112       10    (0)    6 :  0.276 0.299 0.425 
113       11    (0)    7 :  0.295 0.351 0.354 
114       11    (0)    7 :  0.266 0.346 0.388 
115       11   (25)    7 :  0.771 0.112 0.116 
116       11    (0)    7 :  0.318 0.330 0.351 
117       11   (12)    7 :  0.242 0.349 0.409 
118       11    (6)    7 :  0.225 0.369 0.406 
119       11    (0)    7 :  0.333 0.300 0.367 
120       11    (0)    7 :  0.272 0.321 0.407 
121       11   (12)    7 :  0.245 0.417 0.338 
122       11   (12)    7 :  0.415 0.309 0.276 
123       11    (0)    7 :  0.372 0.254 0.373 
124       11    (0)    7 :  0.249 0.391 0.360 
125       11    (0)    7 :  0.360 0.298 0.342 
126       11    (6)    7 :  0.259 0.345 0.397 
127       11    (0)    7 :  0.302 0.359 0.339 
128       11    (0)    7 :  0.257 0.306 0.437 
129       11   (12)    7 :  0.239 0.370 0.392 
130       11    (0)    7 :  0.331 0.371 0.298 
131       11    (6)    7 :  0.457 0.251 0.292 
132       13    (0)    8 :  0.357 0.255 0.388 
133       13    (0)    8 :  0.247 0.314 0.439 
134       13    (0)    8 :  0.301 0.358 0.341 
135       13    (0)    8 :  0.313 0.343 0.344 
136       14    (0)    9 :  0.283 0.367 0.350 
137       14    (6)    9 :  0.316 0.275 0.410 
138       15    (0)   10 :  0.278 0.300 0.422 
139       19    (0)   11 :  0.377 0.323 0.300 
140       19    (0)   11 :  0.329 0.452 0.219 
141       19    (6)   11 :  0.380 0.263 0.357 
142       19    (0)   11 :  0.252 0.371 0.377 
143       19    (6)   11 :  0.282 0.314 0.405 
144       19    (0)   11 :  0.254 0.427 0.319 
145       19    (0)   11 :  0.283 0.415 0.302 
146       19   (12)   11 :  0.338 0.374 0.288 
147       19   (12)   11 :  0.277 0.277 0.446 
148       19    (6)   11 :  0.280 0.387 0.333 
149       19    (0)   11 :  0.214 0.426 0.359 
150       19    (0)   11 :  0.317 0.257 0.427 
151       19    (0)   11 :  0.355 0.365 0.279 
152       19    (6)   11 :  0.369 0.389 0.242 
153       19   (12)   11 :  0.359 0.418 0.223 
154       19    (0)   11 :  0.351 0.405 0.244 
155       19    (0)   11 :  0.271 0.387 0.342 
156       19    (0)   11 :  0.243 0.320 0.437 
157       19    (0)   11 :  0.279 0.370 0.351 
158       19    (0)   11 :  0.327 0.416 0.257 
159       22    (0)   12 :  0.309 0.289 0.403 
160       22    (0)   12 :  0.301 0.386 0.313 


Estimated Allele Frequencies in each cluster
First column gives estimated ancestral frequencies


Locus 1 : AC1359 
5 alleles
1.2% missing data
   3   (0.260) 0.260 0.121 0.424 
   4   (0.581) 0.581 0.845 0.546 
   5   (0.116) 0.116 0.034 0.029 
   2   (0.019) 0.018 0.000 0.000 
   1   (0.025) 0.025 0.001 0.001 

Locus 2 : AC1578 
4 alleles
5.6% missing data
   1   (0.424) 0.424 0.419 0.645 
   2   (0.523) 0.523 0.580 0.354 
   3   (0.027) 0.026 0.001 0.001 
   4   (0.026) 0.026 0.001 0.001 

Locus 3 : ACH_A11 
19 alleles
1.2% missing data
   5   (0.080) 0.080 0.017 0.013 
   6   (0.075) 0.075 0.216 0.083 
  15   (0.021) 0.021 0.001 0.001 
   9   (0.092) 0.092 0.292 0.075 
  13   (0.080) 0.080 0.084 0.027 
   3   (0.155) 0.155 0.173 0.597 
   1   (0.090) 0.090 0.097 0.032 
   7   (0.063) 0.064 0.031 0.030 
  17   (0.023) 0.023 0.001 0.001 
  18   (0.102) 0.102 0.048 0.118 
  12   (0.014) 0.014 0.000 0.000 
  14   (0.070) 0.070 0.032 0.017 
  11   (0.021) 0.021 0.001 0.001 
   2   (0.029) 0.029 0.002 0.002 
  10   (0.014) 0.014 0.000 0.000 
  19   (0.014) 0.014 0.000 0.000 
   4   (0.029) 0.028 0.002 0.001 
   8   (0.014) 0.014 0.001 0.001 
  16   (0.015) 0.015 0.001 0.000 

Locus 4 : ACH_A3 
2 alleles
0.0% missing data
   1   (0.324) 0.324 0.625 0.171 
   2   (0.676) 0.676 0.375 0.829 

Locus 5 : ACH_A4 
7 alleles
1.9% missing data
   1   (0.267) 0.267 0.172 0.163 
   3   (0.137) 0.137 0.075 0.246 
   4   (0.179) 0.179 0.412 0.099 
   2   (0.289) 0.289 0.321 0.480 
   6   (0.076) 0.076 0.015 0.009 
   5   (0.037) 0.037 0.004 0.002 
   7   (0.015) 0.015 0.000 0.000 

Locus 6 : ACH_A7 
5 alleles
1.2% missing data
   2   (0.487) 0.487 0.788 0.823 
   4   (0.262) 0.263 0.124 0.145 
   3   (0.149) 0.149 0.081 0.024 
   5   (0.077) 0.077 0.006 0.008 
   1   (0.025) 0.025 0.001 0.001 

Locus 7 : ACH_A8 
8 alleles
0.6% missing data
   5   (0.378) 0.379 0.382 0.260 
   7   (0.215) 0.215 0.237 0.211 
   2   (0.276) 0.277 0.372 0.518 
   4   (0.064) 0.064 0.007 0.009 
   1   (0.015) 0.015 0.000 0.000 
   3   (0.018) 0.018 0.000 0.000 
   8   (0.015) 0.015 0.001 0.000 
   6   (0.018) 0.018 0.001 0.001 

Locus 8 : ACH_B9 
12 alleles
12.5% missing data
   5   (0.214) 0.214 0.556 0.162 
   6   (0.058) 0.058 0.004 0.005 
   1   (0.105) 0.105 0.085 0.339 
   7   (0.132) 0.132 0.072 0.250 
   9   (0.054) 0.054 0.009 0.008 
   4   (0.032) 0.032 0.003 0.002 
   8   (0.136) 0.137 0.119 0.061 
   2   (0.090) 0.090 0.051 0.076 
  10   (0.122) 0.122 0.100 0.093 
  11   (0.024) 0.024 0.001 0.001 
   3   (0.016) 0.015 0.001 0.000 
  12   (0.017) 0.016 0.001 0.001 

Locus 9 : ACH_C1 
7 alleles
4.4% missing data
   4   (0.237) 0.237 0.475 0.100 
   5   (0.129) 0.129 0.024 0.057 
   2   (0.302) 0.302 0.408 0.740 
   3   (0.109) 0.108 0.071 0.073 
   1   (0.128) 0.129 0.014 0.023 
   7   (0.016) 0.016 0.001 0.000 
   6   (0.078) 0.078 0.008 0.007 

Locus 10 : ACH_D1 
19 alleles
5.6% missing data
   7   (0.077) 0.077 0.173 0.136 
   8   (0.115) 0.115 0.050 0.165 
   4   (0.085) 0.085 0.365 0.045 
   9   (0.056) 0.056 0.028 0.108 
   2   (0.053) 0.053 0.010 0.007 
   1   (0.082) 0.082 0.120 0.415 
  14   (0.024) 0.024 0.001 0.001 
   5   (0.059) 0.059 0.192 0.021 
  10   (0.062) 0.062 0.009 0.005 
  11   (0.045) 0.045 0.006 0.006 
  15   (0.045) 0.045 0.008 0.005 
   6   (0.046) 0.046 0.013 0.065 
  16   (0.055) 0.055 0.010 0.005 
  13   (0.054) 0.055 0.004 0.005 
   3   (0.027) 0.027 0.002 0.001 
  12   (0.041) 0.041 0.005 0.004 
  19   (0.022) 0.022 0.001 0.001 
  17   (0.036) 0.036 0.002 0.003 
  18   (0.015) 0.014 0.001 0.001 

Locus 11 : APR_Cf29 
12 alleles
1.9% missing data
   6   (0.143) 0.143 0.067 0.741 
   5   (0.142) 0.142 0.068 0.022 
   8   (0.106) 0.106 0.116 0.069 
   9   (0.070) 0.070 0.016 0.015 
   4   (0.079) 0.080 0.016 0.014 
   3   (0.272) 0.273 0.702 0.126 
   7   (0.053) 0.053 0.004 0.005 
   2   (0.057) 0.057 0.008 0.006 
   1   (0.022) 0.022 0.001 0.001 
  11   (0.025) 0.024 0.001 0.000 
  12   (0.015) 0.015 0.000 0.000 
  10   (0.016) 0.015 0.000 0.000 

Locus 12 : APR_Cf39 
8 alleles
9.4% missing data
   4   (0.248) 0.249 0.084 0.118 
   5   (0.137) 0.137 0.110 0.050 
   7   (0.249) 0.249 0.703 0.130 
   6   (0.199) 0.199 0.071 0.642 
   2   (0.034) 0.033 0.002 0.002 
   8   (0.089) 0.088 0.028 0.056 
   3   (0.027) 0.027 0.001 0.001 
   1   (0.018) 0.018 0.001 0.001 

Locus 13 : NNG_004 
4 alleles
10.0% missing data
   2   (0.772) 0.773 0.907 0.899 
   1   (0.191) 0.191 0.093 0.100 
   3   (0.018) 0.018 0.000 0.000 
   4   (0.019) 0.019 0.000 0.000 

Locus 14 : NNG_007 
6 alleles
10.0% missing data
   4   (0.137) 0.137 0.045 0.123 
   3   (0.373) 0.373 0.569 0.559 
   2   (0.284) 0.284 0.298 0.181 
   5   (0.162) 0.162 0.087 0.136 
   1   (0.017) 0.016 0.001 0.001 
   6   (0.027) 0.027 0.001 0.001 

Locus 15 : NNG_012 
6 alleles
2.5% missing data
   4   (0.590) 0.591 0.601 0.768 
   5   (0.321) 0.321 0.395 0.229 
   6   (0.032) 0.032 0.002 0.002 
   2   (0.017) 0.017 0.000 0.000 
   3   (0.015) 0.015 0.000 0.000 
   1   (0.025) 0.024 0.001 0.000 

Locus 16 : NNG_028 
20 alleles
0.0% missing data
   1   (0.191) 0.191 0.746 0.650 
  18   (0.044) 0.044 0.003 0.004 
   7   (0.158) 0.159 0.171 0.101 
   2   (0.100) 0.100 0.028 0.193 
  17   (0.049) 0.049 0.007 0.009 
  12   (0.039) 0.039 0.003 0.005 
  16   (0.067) 0.067 0.009 0.009 
  15   (0.060) 0.060 0.013 0.013 
   9   (0.016) 0.015 0.000 0.000 
  10   (0.022) 0.022 0.001 0.001 
  19   (0.043) 0.043 0.005 0.003 
  13   (0.016) 0.016 0.000 0.000 
   8   (0.040) 0.040 0.004 0.003 
   6   (0.015) 0.015 0.000 0.000 
  20   (0.056) 0.056 0.005 0.003 
   3   (0.015) 0.015 0.000 0.000 
  11   (0.015) 0.015 0.001 0.000 
  14   (0.023) 0.023 0.002 0.002 
   4   (0.016) 0.016 0.000 0.000 
   5   (0.016) 0.015 0.000 0.000 

Values of parameters used in structure:
DATAFILE=/Users/mpinsky/Documents/Stanford/Philippines/2008/Genotyping/Analysis/PRBI/Structure/PRBI 2009-08-31/project_data,	OUTFILE=/Users/mpinsky/Documents/Stanford/Philippines/2008/Genotyping/Analysis/PRBI/Structure/PRBI 2009-08-31/Adcor10k20k/Results/Adcor10k20k_run_3,	NUMINDS=160,	NUMLOCI=16,	MISSING=-9,	LABEL=1,	POPDATA=1,	POPFLAG=1,	PHENOTYPE=0,	EXTRACOLS=0,	MAXPOPS=3,	BURNIN=10000,	NUMREPS=20000,	USEPOPINFO=0,	INFERALPHA=1,	INFERLAMBDA=0,	POPSPECIFICLAMBDA=0,	POPALPHAS=0,	COMPUTEPROB=1,	NOADMIX=0,	ADMBURNIN=2500,	UPDATEFREQ=1,	PRINTLIKES=0,	INTERMEDSAVE=0,	PRINTKLD=0,	PRINTNET=0,	PRINTLAMBDA=0,	ANCESTDIST=0,	NUMBOXES=1000,	ANCESTPINT=0.90000,	GENSBACK=2,	MIGRPRIOR=0.05000,	PRINTQHAT=0,	PRINTQSUM=0,	ALPHA=1.0000,	FREQSCORR=1,	FPRIORMEAN=0.0100,	FPRIORSD=0.0500,	ONEFST=0,	LAMBDA=1.0000,	UNIFPRIORALPHA=1,	ALPHAMAX=10.0000,	ALPHAPRIORA=1.0000,	ALPHAPRIORB=2.0000,	ALPHAPROPSD=0.0250,	STARTATPOPINFO=0,	RANDOMIZE=1,	LINKAGE=0,	METROFREQ=10,	REPORTHITRATE=0,	MARKOVPHASE=-1,	PHASED=0,	PLOIDY=2,	PHASEINFO=0	LOCPRIOR=0, 	LOCPRIORINIT=1.000000, 	LOCDATA=0, 	LOCISPOP=0, 	LOCPRIORSTEP=0.100000, 	MAXLOCPRIOR=20.000000, 	SEED=1252037944,	
[STRAT parameters]:    NUMSIMSTATS=1000,	PHENOTYPECOL=-9,	POOLFREQ=10,	LOCUSxONLY=0,	EMERROR=0.00100,	MISSINGPHENO=-9,	