

----------------------------------------------------
STRUCTURE by Pritchard, Stephens and Donnelly (2000)
     and Falush, Stephens and Pritchard (2003)
       Code by Pritchard, Falush and Hubisz
             Version 2.3.1 (Febrauary 2009)
----------------------------------------------------



Command line arguments:   bin/structure -m "/Users/mpinsky/Documents/Stanford/Philippines/2008/Genotyping/Analysis/PRBI/Structure/PRBI 2009-08-31/Adcor10k20k/mainparams" -e "/Users/mpinsky/Documents/Stanford/Philippines/2008/Genotyping/Analysis/PRBI/Structure/PRBI 2009-08-31/Adcor10k20k/extraparams" 
Input File:    /Users/mpinsky/Documents/Stanford/Philippines/2008/Genotyping/Analysis/PRBI/Structure/PRBI 2009-08-31/project_data

Run parameters:
   160 individuals
   16 loci
   2 populations assumed
   10000 Burn-in period
   20000 Reps


--------------------------------------------
Proportion of membership of each pre-defined
 population in each of the 2 clusters

Given    Inferred Clusters       Number of
 Pop       1      2             Individuals

  1:     0.503  0.497              20
  2:     0.531  0.469              21
  3:     0.493  0.507              16
  4:     0.543  0.457              16
  5:     0.487  0.513              18
  6:     0.504  0.496              21
  7:     0.526  0.474              19
  8:     0.547  0.453               4
  9:     0.544  0.456               2
 10:     0.603  0.397               1
 11:     0.525  0.475              20
 12:     0.512  0.488               2
--------------------------------------------

Allele-freq. divergence among pops (Net nucleotide distance),
computed using point estimates of P.

      1       2      
 1      -    0.0352  
 2   0.0352     -    

Average distances (expected heterozygosity) between individuals in same cluster:
cluster  1  : 0.5436 
cluster  2  : 0.6953 

--------------------------------------------
Estimated Ln Prob of Data   = -6537.0
Mean value of ln likelihood = -6425.0
Variance of ln likelihood   = 224.1
Mean value of alpha         = 4.3127

Mean value of Fst_1         = 0.2441
Mean value of Fst_2         = 0.0013


Inferred ancestry of individuals:
        Label (%Miss) Pop:  Inferred clusters
  1        1    (0)    1 :  0.373 0.627 
  2        1    (0)    1 :  0.572 0.428 
  3        1    (0)    1 :  0.537 0.463 
  4        1    (0)    1 :  0.551 0.449 
  5        1    (0)    1 :  0.558 0.442 
  6        1    (0)    1 :  0.448 0.552 
  7        1   (12)    1 :  0.556 0.444 
  8        1    (6)    1 :  0.446 0.554 
  9        1    (6)    1 :  0.562 0.438 
 10        1    (0)    1 :  0.520 0.480 
 11        1    (0)    1 :  0.401 0.599 
 12        1   (18)    1 :  0.503 0.497 
 13        1    (0)    1 :  0.537 0.463 
 14        1    (6)    1 :  0.525 0.475 
 15        1    (0)    1 :  0.408 0.592 
 16        1    (0)    1 :  0.425 0.575 
 17        1    (6)    1 :  0.549 0.451 
 18        1    (0)    1 :  0.473 0.527 
 19        1   (12)    1 :  0.510 0.490 
 20        1    (0)    1 :  0.597 0.403 
 21        2    (0)    2 :  0.470 0.530 
 22        2    (0)    2 :  0.424 0.576 
 23        2    (6)    2 :  0.540 0.460 
 24        2    (0)    2 :  0.424 0.576 
 25        2    (0)    2 :  0.608 0.392 
 26        2    (0)    2 :  0.544 0.456 
 27        2    (0)    2 :  0.532 0.468 
 28        2    (0)    2 :  0.546 0.454 
 29        2    (0)    2 :  0.591 0.409 
 30        2    (0)    2 :  0.444 0.556 
 31        2    (6)    2 :  0.582 0.418 
 32        2   (12)    2 :  0.501 0.499 
 33        2    (0)    2 :  0.491 0.509 
 34        2    (0)    2 :  0.651 0.349 
 35        2    (0)    2 :  0.552 0.448 
 36        2    (0)    2 :  0.407 0.593 
 37        2    (0)    2 :  0.487 0.513 
 38        2    (0)    2 :  0.691 0.309 
 39        2    (0)    2 :  0.625 0.375 
 40        2    (0)    2 :  0.477 0.523 
 41        2    (0)    2 :  0.570 0.430 
 42        7    (6)    3 :  0.546 0.454 
 43        7    (0)    3 :  0.517 0.483 
 44        7    (0)    3 :  0.400 0.600 
 45        7    (0)    3 :  0.420 0.580 
 46        7    (0)    3 :  0.349 0.651 
 47        7    (0)    3 :  0.433 0.567 
 48        7   (31)    3 :  0.521 0.479 
 49        7    (0)    3 :  0.547 0.453 
 50        7    (0)    3 :  0.447 0.553 
 51        7   (25)    3 :  0.602 0.398 
 52        7   (12)    3 :  0.668 0.332 
 53        7    (0)    3 :  0.397 0.603 
 54        7    (0)    3 :  0.457 0.543 
 55        7    (0)    3 :  0.570 0.430 
 56        7   (18)    3 :  0.501 0.499 
 57        7   (12)    3 :  0.512 0.488 
 58        8   (12)    4 :  0.549 0.451 
 59        8    (6)    4 :  0.649 0.351 
 60        8   (37)    4 :  0.499 0.501 
 61        8    (0)    4 :  0.469 0.531 
 62        8    (0)    4 :  0.374 0.626 
 63        8    (6)    4 :  0.480 0.520 
 64        8    (6)    4 :  0.583 0.417 
 65        8    (0)    4 :  0.597 0.403 
 66        8    (0)    4 :  0.564 0.436 
 67        8    (0)    4 :  0.561 0.439 
 68        8   (25)    4 :  0.537 0.463 
 69        8   (18)    4 :  0.585 0.415 
 70        8    (0)    4 :  0.627 0.373 
 71        8    (0)    4 :  0.574 0.426 
 72        8    (0)    4 :  0.534 0.466 
 73        8    (0)    4 :  0.509 0.491 
 74        9   (50)    5 :  0.211 0.789 
 75        9    (6)    5 :  0.629 0.371 
 76        9    (6)    5 :  0.470 0.530 
 77        9   (18)    5 :  0.547 0.453 
 78        9    (0)    5 :  0.359 0.641 
 79        9    (0)    5 :  0.486 0.514 
 80        9    (0)    5 :  0.525 0.475 
 81        9    (0)    5 :  0.604 0.396 
 82        9    (0)    5 :  0.593 0.407 
 83        9    (0)    5 :  0.468 0.532 
 84        9    (0)    5 :  0.623 0.377 
 85        9    (0)    5 :  0.520 0.480 
 86        9    (0)    5 :  0.501 0.499 
 87        9    (0)    5 :  0.414 0.586 
 88        9   (37)    5 :  0.415 0.585 
 89        9    (6)    5 :  0.583 0.417 
 90        9    (0)    5 :  0.415 0.585 
 91        9    (6)    5 :  0.396 0.604 
 92       10    (0)    6 :  0.475 0.525 
 93       10    (0)    6 :  0.587 0.413 
 94       10   (25)    6 :  0.494 0.506 
 95       10    (0)    6 :  0.353 0.647 
 96       10    (0)    6 :  0.600 0.400 
 97       10    (0)    6 :  0.572 0.428 
 98       10    (0)    6 :  0.588 0.412 
 99       10    (6)    6 :  0.572 0.428 
100       10    (0)    6 :  0.334 0.666 
101       10    (0)    6 :  0.501 0.499 
102       10    (0)    6 :  0.399 0.601 
103       10    (0)    6 :  0.465 0.535 
104       10    (6)    6 :  0.606 0.394 
105       10    (0)    6 :  0.486 0.514 
106       10   (37)    6 :  0.485 0.515 
107       10    (0)    6 :  0.480 0.520 
108       10    (0)    6 :  0.394 0.606 
109       10    (0)    6 :  0.549 0.451 
110       10    (0)    6 :  0.623 0.377 
111       10    (0)    6 :  0.497 0.503 
112       10    (0)    6 :  0.523 0.477 
113       11    (0)    7 :  0.547 0.453 
114       11    (0)    7 :  0.610 0.390 
115       11   (25)    7 :  0.146 0.854 
116       11    (0)    7 :  0.525 0.475 
117       11   (12)    7 :  0.619 0.381 
118       11    (6)    7 :  0.677 0.323 
119       11    (0)    7 :  0.502 0.498 
120       11    (0)    7 :  0.561 0.439 
121       11   (12)    7 :  0.655 0.345 
122       11   (12)    7 :  0.399 0.601 
123       11    (0)    7 :  0.458 0.542 
124       11    (0)    7 :  0.613 0.387 
125       11    (0)    7 :  0.463 0.537 
126       11    (6)    7 :  0.586 0.414 
127       11    (0)    7 :  0.565 0.435 
128       11    (0)    7 :  0.573 0.427 
129       11   (12)    7 :  0.619 0.381 
130       11    (0)    7 :  0.510 0.490 
131       11    (6)    7 :  0.364 0.636 
132       13    (0)    8 :  0.422 0.578 
133       13    (0)    8 :  0.634 0.366 
134       13    (0)    8 :  0.588 0.412 
135       13    (0)    8 :  0.542 0.458 
136       14    (0)    9 :  0.568 0.432 
137       14    (6)    9 :  0.520 0.480 
138       15    (0)   10 :  0.603 0.397 
139       19    (0)   11 :  0.420 0.580 
140       19    (0)   11 :  0.477 0.523 
141       19    (6)   11 :  0.418 0.582 
142       19    (0)   11 :  0.649 0.351 
143       19    (6)   11 :  0.549 0.451 
144       19    (0)   11 :  0.603 0.397 
145       19    (0)   11 :  0.559 0.441 
146       19   (12)   11 :  0.504 0.496 
147       19   (12)   11 :  0.530 0.470 
148       19    (6)   11 :  0.554 0.446 
149       19    (0)   11 :  0.669 0.331 
150       19    (0)   11 :  0.480 0.520 
151       19    (0)   11 :  0.492 0.508 
152       19    (6)   11 :  0.465 0.535 
153       19   (12)   11 :  0.460 0.540 
154       19    (0)   11 :  0.461 0.539 
155       19    (0)   11 :  0.554 0.446 
156       19    (0)   11 :  0.552 0.448 
157       19    (0)   11 :  0.571 0.429 
158       19    (0)   11 :  0.533 0.467 
159       22    (0)   12 :  0.503 0.497 
160       22    (0)   12 :  0.521 0.479 


Estimated Allele Frequencies in each cluster
First column gives estimated ancestral frequencies


Locus 1 : AC1359 
5 alleles
1.2% missing data
   3   (0.301) 0.239 0.301 
   4   (0.581) 0.728 0.583 
   5   (0.086) 0.033 0.086 
   2   (0.013) 0.000 0.012 
   1   (0.019) 0.000 0.018 

Locus 2 : AC1578 
4 alleles
5.6% missing data
   1   (0.433) 0.558 0.434 
   2   (0.528) 0.441 0.529 
   3   (0.019) 0.000 0.018 
   4   (0.020) 0.000 0.019 

Locus 3 : ACH_A11 
19 alleles
1.2% missing data
   5   (0.065) 0.009 0.066 
   6   (0.095) 0.153 0.095 
  15   (0.018) 0.001 0.017 
   9   (0.118) 0.182 0.119 
  13   (0.082) 0.043 0.082 
   3   (0.146) 0.461 0.147 
   1   (0.090) 0.052 0.091 
   7   (0.061) 0.023 0.061 
  17   (0.016) 0.001 0.016 
  18   (0.119) 0.058 0.121 
  12   (0.012) 0.000 0.011 
  14   (0.069) 0.013 0.069 
  11   (0.018) 0.001 0.017 
   2   (0.022) 0.001 0.021 
  10   (0.012) 0.000 0.012 
  19   (0.012) 0.000 0.011 
   4   (0.022) 0.001 0.022 
   8   (0.012) 0.000 0.011 
  16   (0.012) 0.000 0.011 

Locus 4 : ACH_A3 
2 alleles
0.0% missing data
   1   (0.357) 0.395 0.356 
   2   (0.643) 0.605 0.644 

Locus 5 : ACH_A4 
7 alleles
1.9% missing data
   1   (0.249) 0.146 0.250 
   3   (0.175) 0.135 0.175 
   4   (0.176) 0.280 0.176 
   2   (0.299) 0.428 0.299 
   6   (0.060) 0.009 0.059 
   5   (0.030) 0.002 0.029 
   7   (0.012) 0.000 0.012 

Locus 6 : ACH_A7 
5 alleles
1.2% missing data
   2   (0.574) 0.822 0.575 
   4   (0.212) 0.139 0.212 
   3   (0.137) 0.034 0.137 
   5   (0.059) 0.005 0.058 
   1   (0.018) 0.000 0.018 

Locus 7 : ACH_A8 
8 alleles
0.6% missing data
   5   (0.407) 0.273 0.410 
   7   (0.165) 0.270 0.165 
   2   (0.326) 0.450 0.328 
   4   (0.051) 0.006 0.050 
   1   (0.012) 0.000 0.012 
   3   (0.012) 0.000 0.011 
   8   (0.013) 0.000 0.012 
   6   (0.013) 0.000 0.012 

Locus 8 : ACH_B9 
12 alleles
12.5% missing data
   5   (0.214) 0.400 0.215 
   6   (0.042) 0.004 0.042 
   1   (0.123) 0.226 0.123 
   7   (0.167) 0.133 0.168 
   9   (0.042) 0.006 0.042 
   4   (0.026) 0.002 0.025 
   8   (0.141) 0.070 0.142 
   2   (0.091) 0.055 0.091 
  10   (0.107) 0.102 0.107 
  11   (0.020) 0.001 0.019 
   3   (0.013) 0.000 0.012 
  12   (0.013) 0.000 0.012 

Locus 9 : ACH_C1 
7 alleles
4.4% missing data
   4   (0.250) 0.289 0.250 
   5   (0.108) 0.032 0.108 
   2   (0.373) 0.589 0.374 
   3   (0.096) 0.073 0.095 
   1   (0.104) 0.011 0.104 
   7   (0.014) 0.000 0.013 
   6   (0.057) 0.006 0.057 

Locus 10 : ACH_D1 
19 alleles
5.6% missing data
   7   (0.085) 0.170 0.085 
   8   (0.120) 0.095 0.122 
   4   (0.124) 0.198 0.124 
   9   (0.066) 0.061 0.066 
   2   (0.042) 0.006 0.042 
   1   (0.090) 0.318 0.089 
  14   (0.017) 0.001 0.017 
   5   (0.083) 0.095 0.083 
  10   (0.047) 0.005 0.048 
  11   (0.038) 0.004 0.038 
  15   (0.037) 0.005 0.037 
   6   (0.054) 0.026 0.054 
  16   (0.041) 0.005 0.042 
  13   (0.042) 0.003 0.043 
   3   (0.024) 0.001 0.023 
  12   (0.032) 0.004 0.032 
  19   (0.018) 0.001 0.017 
  17   (0.028) 0.002 0.028 
  18   (0.012) 0.000 0.011 

Locus 11 : APR_Cf29 
12 alleles
1.9% missing data
   6   (0.235) 0.405 0.236 
   5   (0.116) 0.035 0.117 
   8   (0.091) 0.100 0.091 
   9   (0.055) 0.013 0.055 
   4   (0.063) 0.011 0.063 
   3   (0.297) 0.426 0.299 
   7   (0.040) 0.003 0.039 
   2   (0.043) 0.005 0.043 
   1   (0.018) 0.001 0.017 
  11   (0.018) 0.000 0.017 
  12   (0.012) 0.000 0.011 
  10   (0.012) 0.000 0.011 

Locus 12 : APR_Cf39 
8 alleles
9.4% missing data
   4   (0.238) 0.064 0.240 
   5   (0.144) 0.058 0.144 
   7   (0.219) 0.495 0.219 
   6   (0.259) 0.345 0.260 
   2   (0.025) 0.001 0.025 
   8   (0.082) 0.035 0.081 
   3   (0.020) 0.001 0.019 
   1   (0.014) 0.000 0.013 

Locus 13 : NNG_004 
4 alleles
10.0% missing data
   2   (0.798) 0.917 0.800 
   1   (0.175) 0.082 0.174 
   3   (0.014) 0.000 0.013 
   4   (0.014) 0.000 0.013 

Locus 14 : NNG_007 
6 alleles
10.0% missing data
   4   (0.142) 0.065 0.142 
   3   (0.379) 0.617 0.379 
   2   (0.281) 0.227 0.282 
   5   (0.165) 0.089 0.165 
   1   (0.013) 0.001 0.012 
   6   (0.021) 0.001 0.020 

Locus 15 : NNG_012 
6 alleles
2.5% missing data
   4   (0.663) 0.644 0.666 
   5   (0.268) 0.354 0.268 
   6   (0.024) 0.001 0.023 
   2   (0.013) 0.000 0.012 
   3   (0.012) 0.000 0.011 
   1   (0.019) 0.000 0.018 

Locus 16 : NNG_028 
20 alleles
0.0% missing data
   1   (0.256) 0.779 0.259 
  18   (0.033) 0.003 0.033 
   7   (0.162) 0.118 0.165 
   2   (0.150) 0.063 0.152 
  17   (0.043) 0.004 0.043 
  12   (0.033) 0.003 0.033 
  16   (0.051) 0.007 0.052 
  15   (0.047) 0.012 0.047 
   9   (0.012) 0.000 0.011 
  10   (0.018) 0.001 0.017 
  19   (0.033) 0.002 0.032 
  13   (0.011) 0.000 0.011 
   8   (0.033) 0.003 0.033 
   6   (0.012) 0.000 0.011 
  20   (0.043) 0.002 0.044 
   3   (0.012) 0.000 0.011 
  11   (0.011) 0.000 0.011 
  14   (0.017) 0.001 0.017 
   4   (0.012) 0.000 0.011 
   5   (0.011) 0.000 0.011 

Values of parameters used in structure:
DATAFILE=/Users/mpinsky/Documents/Stanford/Philippines/2008/Genotyping/Analysis/PRBI/Structure/PRBI 2009-08-31/project_data,	OUTFILE=/Users/mpinsky/Documents/Stanford/Philippines/2008/Genotyping/Analysis/PRBI/Structure/PRBI 2009-08-31/Adcor10k20k/Results/Adcor10k20k_run_2,	NUMINDS=160,	NUMLOCI=16,	MISSING=-9,	LABEL=1,	POPDATA=1,	POPFLAG=1,	PHENOTYPE=0,	EXTRACOLS=0,	MAXPOPS=2,	BURNIN=10000,	NUMREPS=20000,	USEPOPINFO=0,	INFERALPHA=1,	INFERLAMBDA=0,	POPSPECIFICLAMBDA=0,	POPALPHAS=0,	COMPUTEPROB=1,	NOADMIX=0,	ADMBURNIN=2500,	UPDATEFREQ=1,	PRINTLIKES=0,	INTERMEDSAVE=0,	PRINTKLD=0,	PRINTNET=0,	PRINTLAMBDA=0,	ANCESTDIST=0,	NUMBOXES=1000,	ANCESTPINT=0.90000,	GENSBACK=2,	MIGRPRIOR=0.05000,	PRINTQHAT=0,	PRINTQSUM=0,	ALPHA=1.0000,	FREQSCORR=1,	FPRIORMEAN=0.0100,	FPRIORSD=0.0500,	ONEFST=0,	LAMBDA=1.0000,	UNIFPRIORALPHA=1,	ALPHAMAX=10.0000,	ALPHAPRIORA=1.0000,	ALPHAPRIORB=2.0000,	ALPHAPROPSD=0.0250,	STARTATPOPINFO=0,	RANDOMIZE=1,	LINKAGE=0,	METROFREQ=10,	REPORTHITRATE=0,	MARKOVPHASE=-1,	PHASED=0,	PLOIDY=2,	PHASEINFO=0	LOCPRIOR=0, 	LOCPRIORINIT=1.000000, 	LOCDATA=0, 	LOCISPOP=0, 	LOCPRIORSTEP=0.100000, 	MAXLOCPRIOR=20.000000, 	SEED=1252037919,	
[STRAT parameters]:    NUMSIMSTATS=1000,	PHENOTYPECOL=-9,	POOLFREQ=10,	LOCUSxONLY=0,	EMERROR=0.00100,	MISSINGPHENO=-9,	