

----------------------------------------------------
STRUCTURE by Pritchard, Stephens and Donnelly (2000)
     and Falush, Stephens and Pritchard (2003)
       Code by Pritchard, Falush and Hubisz
             Version 2.3.1 (Febrauary 2009)
----------------------------------------------------



Command line arguments:   bin/structure -m "/Users/mpinsky/Documents/Stanford/Philippines/2008/Genotyping/Analysis/PRBI/Structure/PRBI 2009-08-31/Adcor10k20k/mainparams" -e "/Users/mpinsky/Documents/Stanford/Philippines/2008/Genotyping/Analysis/PRBI/Structure/PRBI 2009-08-31/Adcor10k20k/extraparams" 
Input File:    /Users/mpinsky/Documents/Stanford/Philippines/2008/Genotyping/Analysis/PRBI/Structure/PRBI 2009-08-31/project_data

Run parameters:
   160 individuals
   16 loci
   1 populations assumed
   10000 Burn-in period
   20000 Reps


--------------------------------------------
Proportion of membership of each pre-defined
 population in each of the 1 clusters

Given    Inferred Clusters       Number of
 Pop       1                    Individuals

  1:     1.000                     20
  2:     1.000                     21
  3:     1.000                     16
  4:     1.000                     16
  5:     1.000                     18
  6:     1.000                     21
  7:     1.000                     19
  8:     1.000                      4
  9:     1.000                      2
 10:     1.000                      1
 11:     1.000                     20
 12:     1.000                      2
--------------------------------------------

Allele-freq. divergence among pops (Net nucleotide distance),
computed using point estimates of P.

      1      
 1      -    

Average distances (expected heterozygosity) between individuals in same cluster:
cluster  1  : 0.6350 

--------------------------------------------
Estimated Ln Prob of Data   = -6517.1
Mean value of ln likelihood = -6484.9
Variance of ln likelihood   = 64.4

Mean value of Fst_1         = 0.0269


Inferred ancestry of individuals:
        Label (%Miss) Pop:  Inferred clusters
  1        1    (0)    1 :  1.000 
  2        1    (0)    1 :  1.000 
  3        1    (0)    1 :  1.000 
  4        1    (0)    1 :  1.000 
  5        1    (0)    1 :  1.000 
  6        1    (0)    1 :  1.000 
  7        1   (12)    1 :  1.000 
  8        1    (6)    1 :  1.000 
  9        1    (6)    1 :  1.000 
 10        1    (0)    1 :  1.000 
 11        1    (0)    1 :  1.000 
 12        1   (18)    1 :  1.000 
 13        1    (0)    1 :  1.000 
 14        1    (6)    1 :  1.000 
 15        1    (0)    1 :  1.000 
 16        1    (0)    1 :  1.000 
 17        1    (6)    1 :  1.000 
 18        1    (0)    1 :  1.000 
 19        1   (12)    1 :  1.000 
 20        1    (0)    1 :  1.000 
 21        2    (0)    2 :  1.000 
 22        2    (0)    2 :  1.000 
 23        2    (6)    2 :  1.000 
 24        2    (0)    2 :  1.000 
 25        2    (0)    2 :  1.000 
 26        2    (0)    2 :  1.000 
 27        2    (0)    2 :  1.000 
 28        2    (0)    2 :  1.000 
 29        2    (0)    2 :  1.000 
 30        2    (0)    2 :  1.000 
 31        2    (6)    2 :  1.000 
 32        2   (12)    2 :  1.000 
 33        2    (0)    2 :  1.000 
 34        2    (0)    2 :  1.000 
 35        2    (0)    2 :  1.000 
 36        2    (0)    2 :  1.000 
 37        2    (0)    2 :  1.000 
 38        2    (0)    2 :  1.000 
 39        2    (0)    2 :  1.000 
 40        2    (0)    2 :  1.000 
 41        2    (0)    2 :  1.000 
 42        7    (6)    3 :  1.000 
 43        7    (0)    3 :  1.000 
 44        7    (0)    3 :  1.000 
 45        7    (0)    3 :  1.000 
 46        7    (0)    3 :  1.000 
 47        7    (0)    3 :  1.000 
 48        7   (31)    3 :  1.000 
 49        7    (0)    3 :  1.000 
 50        7    (0)    3 :  1.000 
 51        7   (25)    3 :  1.000 
 52        7   (12)    3 :  1.000 
 53        7    (0)    3 :  1.000 
 54        7    (0)    3 :  1.000 
 55        7    (0)    3 :  1.000 
 56        7   (18)    3 :  1.000 
 57        7   (12)    3 :  1.000 
 58        8   (12)    4 :  1.000 
 59        8    (6)    4 :  1.000 
 60        8   (37)    4 :  1.000 
 61        8    (0)    4 :  1.000 
 62        8    (0)    4 :  1.000 
 63        8    (6)    4 :  1.000 
 64        8    (6)    4 :  1.000 
 65        8    (0)    4 :  1.000 
 66        8    (0)    4 :  1.000 
 67        8    (0)    4 :  1.000 
 68        8   (25)    4 :  1.000 
 69        8   (18)    4 :  1.000 
 70        8    (0)    4 :  1.000 
 71        8    (0)    4 :  1.000 
 72        8    (0)    4 :  1.000 
 73        8    (0)    4 :  1.000 
 74        9   (50)    5 :  1.000 
 75        9    (6)    5 :  1.000 
 76        9    (6)    5 :  1.000 
 77        9   (18)    5 :  1.000 
 78        9    (0)    5 :  1.000 
 79        9    (0)    5 :  1.000 
 80        9    (0)    5 :  1.000 
 81        9    (0)    5 :  1.000 
 82        9    (0)    5 :  1.000 
 83        9    (0)    5 :  1.000 
 84        9    (0)    5 :  1.000 
 85        9    (0)    5 :  1.000 
 86        9    (0)    5 :  1.000 
 87        9    (0)    5 :  1.000 
 88        9   (37)    5 :  1.000 
 89        9    (6)    5 :  1.000 
 90        9    (0)    5 :  1.000 
 91        9    (6)    5 :  1.000 
 92       10    (0)    6 :  1.000 
 93       10    (0)    6 :  1.000 
 94       10   (25)    6 :  1.000 
 95       10    (0)    6 :  1.000 
 96       10    (0)    6 :  1.000 
 97       10    (0)    6 :  1.000 
 98       10    (0)    6 :  1.000 
 99       10    (6)    6 :  1.000 
100       10    (0)    6 :  1.000 
101       10    (0)    6 :  1.000 
102       10    (0)    6 :  1.000 
103       10    (0)    6 :  1.000 
104       10    (6)    6 :  1.000 
105       10    (0)    6 :  1.000 
106       10   (37)    6 :  1.000 
107       10    (0)    6 :  1.000 
108       10    (0)    6 :  1.000 
109       10    (0)    6 :  1.000 
110       10    (0)    6 :  1.000 
111       10    (0)    6 :  1.000 
112       10    (0)    6 :  1.000 
113       11    (0)    7 :  1.000 
114       11    (0)    7 :  1.000 
115       11   (25)    7 :  1.000 
116       11    (0)    7 :  1.000 
117       11   (12)    7 :  1.000 
118       11    (6)    7 :  1.000 
119       11    (0)    7 :  1.000 
120       11    (0)    7 :  1.000 
121       11   (12)    7 :  1.000 
122       11   (12)    7 :  1.000 
123       11    (0)    7 :  1.000 
124       11    (0)    7 :  1.000 
125       11    (0)    7 :  1.000 
126       11    (6)    7 :  1.000 
127       11    (0)    7 :  1.000 
128       11    (0)    7 :  1.000 
129       11   (12)    7 :  1.000 
130       11    (0)    7 :  1.000 
131       11    (6)    7 :  1.000 
132       13    (0)    8 :  1.000 
133       13    (0)    8 :  1.000 
134       13    (0)    8 :  1.000 
135       13    (0)    8 :  1.000 
136       14    (0)    9 :  1.000 
137       14    (6)    9 :  1.000 
138       15    (0)   10 :  1.000 
139       19    (0)   11 :  1.000 
140       19    (0)   11 :  1.000 
141       19    (6)   11 :  1.000 
142       19    (0)   11 :  1.000 
143       19    (6)   11 :  1.000 
144       19    (0)   11 :  1.000 
145       19    (0)   11 :  1.000 
146       19   (12)   11 :  1.000 
147       19   (12)   11 :  1.000 
148       19    (6)   11 :  1.000 
149       19    (0)   11 :  1.000 
150       19    (0)   11 :  1.000 
151       19    (0)   11 :  1.000 
152       19    (6)   11 :  1.000 
153       19   (12)   11 :  1.000 
154       19    (0)   11 :  1.000 
155       19    (0)   11 :  1.000 
156       19    (0)   11 :  1.000 
157       19    (0)   11 :  1.000 
158       19    (0)   11 :  1.000 
159       22    (0)   12 :  1.000 
160       22    (0)   12 :  1.000 


Estimated Allele Frequencies in each cluster
First column gives estimated ancestral frequencies


Locus 1 : AC1359 
5 alleles
1.2% missing data
   3   (0.265) 0.269 
   4   (0.606) 0.658 
   5   (0.079) 0.059 
   2   (0.022) 0.005 
   1   (0.028) 0.009 

Locus 2 : AC1578 
4 alleles
5.6% missing data
   1   (0.478) 0.497 
   2   (0.465) 0.484 
   3   (0.029) 0.009 
   4   (0.029) 0.009 

Locus 3 : ACH_A11 
19 alleles
1.2% missing data
   5   (0.048) 0.039 
   6   (0.100) 0.124 
  15   (0.022) 0.008 
   9   (0.116) 0.151 
  13   (0.063) 0.063 
   3   (0.210) 0.305 
   1   (0.069) 0.072 
   7   (0.049) 0.042 
  17   (0.023) 0.008 
  18   (0.080) 0.091 
  12   (0.019) 0.005 
  14   (0.049) 0.042 
  11   (0.023) 0.008 
   2   (0.026) 0.011 
  10   (0.019) 0.005 
  19   (0.019) 0.005 
   4   (0.026) 0.011 
   8   (0.019) 0.005 
  16   (0.020) 0.005 

Locus 4 : ACH_A3 
2 alleles
0.0% missing data
   1   (0.384) 0.376 
   2   (0.616) 0.624 

Locus 5 : ACH_A4 
7 alleles
1.9% missing data
   1   (0.193) 0.200 
   3   (0.153) 0.153 
   4   (0.215) 0.228 
   2   (0.328) 0.365 
   6   (0.054) 0.034 
   5   (0.035) 0.015 
   7   (0.022) 0.005 

Locus 6 : ACH_A7 
5 alleles
1.2% missing data
   2   (0.637) 0.701 
   4   (0.181) 0.175 
   3   (0.102) 0.084 
   5   (0.052) 0.031 
   1   (0.028) 0.009 

Locus 7 : ACH_A8 
8 alleles
0.6% missing data
   5   (0.309) 0.342 
   7   (0.208) 0.219 
   2   (0.347) 0.391 
   4   (0.047) 0.027 
   1   (0.022) 0.005 
   3   (0.022) 0.005 
   8   (0.023) 0.005 
   6   (0.022) 0.005 

Locus 8 : ACH_B9 
12 alleles
12.5% missing data
   5   (0.251) 0.310 
   6   (0.040) 0.024 
   1   (0.153) 0.176 
   7   (0.136) 0.151 
   9   (0.040) 0.024 
   4   (0.030) 0.013 
   8   (0.102) 0.107 
   2   (0.078) 0.072 
  10   (0.100) 0.103 
  11   (0.026) 0.009 
   3   (0.021) 0.006 
  12   (0.021) 0.006 

Locus 9 : ACH_C1 
7 alleles
4.4% missing data
   4   (0.250) 0.269 
   5   (0.085) 0.070 
   2   (0.423) 0.483 
   3   (0.096) 0.083 
   1   (0.074) 0.058 
   7   (0.022) 0.005 
   6   (0.051) 0.032 

Locus 10 : ACH_D1 
19 alleles
5.6% missing data
   7   (0.099) 0.126 
   8   (0.087) 0.110 
   4   (0.121) 0.160 
   9   (0.061) 0.063 
   2   (0.037) 0.025 
   1   (0.141) 0.201 
  14   (0.023) 0.008 
   5   (0.075) 0.088 
  10   (0.039) 0.028 
  11   (0.034) 0.022 
  15   (0.034) 0.021 
   6   (0.048) 0.041 
  16   (0.036) 0.025 
  13   (0.037) 0.025 
   3   (0.025) 0.012 
  12   (0.032) 0.018 
  19   (0.023) 0.009 
  17   (0.028) 0.015 
  18   (0.019) 0.005 

Locus 11 : APR_Cf29 
12 alleles
1.9% missing data
   6   (0.262) 0.321 
   5   (0.082) 0.077 
   8   (0.095) 0.095 
   9   (0.049) 0.034 
   4   (0.051) 0.037 
   3   (0.288) 0.364 
   7   (0.038) 0.021 
   2   (0.041) 0.024 
   1   (0.026) 0.009 
  11   (0.025) 0.008 
  12   (0.020) 0.005 
  10   (0.021) 0.005 

Locus 12 : APR_Cf39 
8 alleles
9.4% missing data
   4   (0.149) 0.151 
   5   (0.109) 0.101 
   7   (0.316) 0.360 
   6   (0.269) 0.303 
   2   (0.033) 0.013 
   8   (0.074) 0.057 
   3   (0.028) 0.009 
   1   (0.023) 0.006 

Locus 13 : NNG_004 
4 alleles
10.0% missing data
   2   (0.809) 0.861 
   1   (0.144) 0.127 
   3   (0.023) 0.006 
   4   (0.024) 0.006 

Locus 14 : NNG_007 
6 alleles
10.0% missing data
   4   (0.115) 0.102 
   3   (0.453) 0.501 
   2   (0.246) 0.256 
   5   (0.134) 0.126 
   1   (0.023) 0.006 
   6   (0.029) 0.009 

Locus 15 : NNG_012 
6 alleles
2.5% missing data
   4   (0.596) 0.656 
   5   (0.299) 0.313 
   6   (0.032) 0.012 
   2   (0.023) 0.005 
   3   (0.023) 0.005 
   1   (0.028) 0.009 

Locus 16 : NNG_028 
20 alleles
0.0% missing data
   1   (0.342) 0.525 
  18   (0.030) 0.017 
   7   (0.113) 0.143 
   2   (0.089) 0.107 
  17   (0.036) 0.023 
  12   (0.031) 0.017 
  16   (0.042) 0.029 
  15   (0.040) 0.029 
   9   (0.018) 0.005 
  10   (0.023) 0.008 
  19   (0.032) 0.017 
  13   (0.019) 0.005 
   8   (0.031) 0.017 
   6   (0.019) 0.005 
  20   (0.036) 0.023 
   3   (0.019) 0.005 
  11   (0.020) 0.005 
  14   (0.023) 0.008 
   4   (0.019) 0.005 
   5   (0.019) 0.005 

Values of parameters used in structure:
DATAFILE=/Users/mpinsky/Documents/Stanford/Philippines/2008/Genotyping/Analysis/PRBI/Structure/PRBI 2009-08-31/project_data,	OUTFILE=/Users/mpinsky/Documents/Stanford/Philippines/2008/Genotyping/Analysis/PRBI/Structure/PRBI 2009-08-31/Adcor10k20k/Results/Adcor10k20k_run_1,	NUMINDS=160,	NUMLOCI=16,	MISSING=-9,	LABEL=1,	POPDATA=1,	POPFLAG=1,	PHENOTYPE=0,	EXTRACOLS=0,	MAXPOPS=1,	BURNIN=10000,	NUMREPS=20000,	USEPOPINFO=0,	INFERALPHA=1,	INFERLAMBDA=0,	POPSPECIFICLAMBDA=0,	POPALPHAS=0,	COMPUTEPROB=1,	NOADMIX=0,	ADMBURNIN=2500,	UPDATEFREQ=1,	PRINTLIKES=0,	INTERMEDSAVE=0,	PRINTKLD=0,	PRINTNET=0,	PRINTLAMBDA=0,	ANCESTDIST=0,	NUMBOXES=1000,	ANCESTPINT=0.90000,	GENSBACK=2,	MIGRPRIOR=0.05000,	PRINTQHAT=0,	PRINTQSUM=0,	ALPHA=1.0000,	FREQSCORR=1,	FPRIORMEAN=0.0100,	FPRIORSD=0.0500,	ONEFST=0,	LAMBDA=1.0000,	UNIFPRIORALPHA=1,	ALPHAMAX=10.0000,	ALPHAPRIORA=1.0000,	ALPHAPRIORB=2.0000,	ALPHAPROPSD=0.0250,	STARTATPOPINFO=0,	RANDOMIZE=1,	LINKAGE=0,	METROFREQ=10,	REPORTHITRATE=0,	MARKOVPHASE=-1,	PHASED=0,	PLOIDY=2,	PHASEINFO=0	LOCPRIOR=0, 	LOCPRIORINIT=1.000000, 	LOCDATA=0, 	LOCISPOP=0, 	LOCPRIORSTEP=0.100000, 	MAXLOCPRIOR=20.000000, 	SEED=1252037899,	
[STRAT parameters]:    NUMSIMSTATS=1000,	PHENOTYPECOL=-9,	POOLFREQ=10,	LOCUSxONLY=0,	EMERROR=0.00100,	MISSINGPHENO=-9,	