1
10000
2
1
13
7,5,4,14,8,18,17,3,12,11,3,4,14
2
0,1
0,0,12,5,2,1,0
5,13,0,2,2
0,21,0,1
1,0,0,0,0,1,5,6,5,2,1,0,1,0
0,2,5,5,8,1,1,0
0,0,0,0,0,1,2,3,4,4,2,1,1,2,1,1,0,0
0,0,0,0,4,4,2,0,1,4,1,0,0,4,0,0,0
12,10,0
0,11,0,1,0,0,8,0,2,0,0,0
0,9,0,3,7,2,1,0,0,0,0
18,4,0
12,0,9,1
1,4,0,3,9,5,0,0,0,0,0,0,0,0
0,0,11,6,1,0,0
4,8,1,2,3
0,18,0,0
0,0,0,3,0,2,5,2,1,1,1,0,2,1
0,2,3,4,4,1,2,0
0,1,0,0,0,0,1,1,0,0,3,1,7,3,1,0,0,0
0,0,0,0,2,7,3,0,2,1,0,0,0,1,1,1,0
11,3,4
0,5,2,0,0,1,10,0,0,0,0,0
3,1,0,3,8,0,1,0,0,0,0
18,0,0
10,0,8,0
0,11,2,3,0,1,0,0,0,0,0,1,0,0
2,4,381,210,24,71,12
79,531,17,57,24
3,672,22,13
9,4,6,34,55,93,140,133,70,57,54,19,33,5
10,124,41,293,126,49,66,1
1,2,5,2,8,18,23,52,62,95,134,103,76,61,35,24,3,2
3,4,5,16,61,236,93,21,44,66,9,4,3,91,5,28,1
357,204,149
4,289,23,9,11,5,239,6,114,6,1,7
32,206,1,91,296,16,15,15,5,1,1
629,81,4
363,25,302,22
28,298,21,54,200,62,9,3,4,3,6,10,4,5
1
