1
10000
2
0
13
7,5,4,14,8,18,17,3,12,11,3,4,14
2
0,1
0,0,19,3,1,1,0
3,17,1,1,0
0,23,1,0
1,0,0,1,1,2,5,6,2,1,2,0,2,1
1,3,3,10,5,1,1,0
0,0,0,0,0,1,1,3,3,2,4,5,1,3,1,0,0,0
0,1,1,1,3,7,2,1,1,2,0,0,0,4,1,0,0
8,10,6
0,8,2,0,0,0,8,0,6,0,0,0
3,4,0,6,7,1,1,1,1,0,0
22,2,0
10,0,13,1
3,4,0,3,7,3,1,0,1,1,1,0,0,0
0,0,6,5,0,1,0
0,7,1,2,2
0,11,1,0
0,0,0,0,2,1,2,4,1,0,2,0,0,0
0,1,1,5,3,1,1,0
0,0,1,0,1,1,0,0,1,1,0,4,2,1,0,0,0,0
0,0,0,0,1,4,2,0,0,0,0,0,0,3,0,0,0
6,4,2
0,4,1,1,0,1,3,0,2,0,0,0
0,2,0,0,9,1,0,0,0,0,0
11,1,0
8,1,3,0
0,4,0,2,3,2,0,0,0,0,0,1,0,0
2,4,381,213,26,70,12
84,529,16,58,27
3,677,20,14
9,4,6,35,51,93,143,132,73,59,53,19,34,5
9,124,45,288,130,48,67,1
1,3,4,2,7,17,25,53,61,95,136,97,81,62,36,25,3,2
3,3,4,16,61,236,94,20,46,69,10,4,3,90,5,29,1
367,202,145
4,294,22,9,11,5,245,6,108,6,1,7
32,210,1,91,295,16,16,14,4,1,1
632,82,4
366,24,304,22
25,306,23,55,199,62,8,3,3,2,5,11,4,5
1
