                   Output from the program

 Estimating Ne and m jointly, assuming an infinite source

**************** Likelihood estimates ***************
   PARAMETER      POINT_EST         +95%CI         -95%CI
          Ne     9.3531E+01  >  1.0000E+04     3.6386E+01
           m     5.5650E-01  >  1.0000E+00         0.0017

Relative profile log-likelihood as a function of Ne
              Ne          Log(L)
           36.39         -2.0000
           38.03         -1.7941
           40.53         -1.5201
           42.53         -1.3306
           45.53         -1.0877
           48.53         -0.8862
           52.53         -0.6692
           58.53         -0.4280
           68.53         -0.1799
           74.53         -0.0934
           80.53         -0.0393
           86.53         -0.0101
           93.53          0.0000
          100.53         -0.0096
          106.53         -0.0294
          116.53         -0.0781
          130.53         -0.1614
          158.53         -0.3232
          202.53         -0.5098
          271.84         -0.6799
         1320.84         -0.7618
         1326.84         -0.7618
         1334.84         -0.7617
         1340.84         -0.7617
         1348.84         -0.7616
         1354.84         -0.7616
         1362.84         -0.7615
         1370.84         -0.7614
         1376.84         -0.7614
         1384.84         -0.7614
         1392.84         -0.7613
         1400.84         -0.7612
         1406.84         -0.7612
         1414.84         -0.7612
         1422.84         -0.7611
         1430.84         -0.7611
         1438.84         -0.7610
         1446.84         -0.7610
         1454.84         -0.7609
         1464.84         -0.7608
         1472.84         -0.7608
         1480.84         -0.7608
         1488.84         -0.7607
         1498.84         -0.7607
         1506.84         -0.7606
         1516.84         -0.7606
         1524.84         -0.7605
         1534.84         -0.7605
         1542.84         -0.7604
         1552.84         -0.7604
         1562.84         -0.7603
         1572.84         -0.7603
         1580.84         -0.7602
         1590.84         -0.7602
         1600.84         -0.7601
         1610.84         -0.7601
         1622.84         -0.7600
         1632.84         -0.7600
         1642.84         -0.7599
         1652.84         -0.7599
         1664.84         -0.7598
         1674.84         -0.7598
         1686.84         -0.7597
         1696.84         -0.7597
         1708.84         -0.7596
         1720.84         -0.7596
         1730.84         -0.7595
         1742.84         -0.7595
         1754.84         -0.7594
         1766.84         -0.7594
         1780.84         -0.7593
         1792.84         -0.7593
         1804.84         -0.7592
         1818.84         -0.7592
         1830.84         -0.7591
         1844.84         -0.7591
         1856.84         -0.7591
         1870.84         -0.7590
         1884.84         -0.7590
         1898.84         -0.7589
         1912.84         -0.7589
         1926.84         -0.7588
         1942.84         -0.7588
         1956.84         -0.7587
         1972.84         -0.7587
         1986.84         -0.7586
         2002.84         -0.7586
         2018.84         -0.7585
         2034.84         -0.7585
         2050.84         -0.7584
         2068.84         -0.7584
         2084.84         -0.7583
         2102.84         -0.7583
         2118.84         -0.7583
         2136.84         -0.7582
         2154.84         -0.7582
         2172.84         -0.7581
         2192.84         -0.7581
         2210.84         -0.7580
         2230.84         -0.7580
         2250.84         -0.7579
         2270.84         -0.7579
         2290.84         -0.7578
         2310.84         -0.7578
         2332.84         -0.7577
         2354.84         -0.7577
         2376.84         -0.7576
         2398.84         -0.7576
         2420.84         -0.7576
         2444.84         -0.7575
         2466.84         -0.7575
         2490.84         -0.7574
         2516.84         -0.7574

Relative profile log-likelihood as a function of  m
               m          Log(L)
        210.1495        209.3921
        210.1494        209.3921
        210.1494        209.3921
        210.1493        209.3921
        210.1493        209.3921
        210.1492        209.3921
        210.1492        209.3921
        210.1492        209.3921
        210.1491        209.3921
        210.1491        209.3921
        210.1490        209.3921
        210.1490        209.3921
        210.1489        209.3921
        210.1489        209.3921
        210.1488        209.3921
        210.1488        209.3921
        210.1488        209.3921
        210.1487        209.3921
        210.1487        209.3921
        210.1486        209.3921
        210.1486        209.3921
        210.1485        209.3921
        210.1485        209.3921
        210.1485        209.3921
        210.1484        209.3921
        210.1484        209.3921
        210.1483        209.3921
        210.1483        209.3921
        210.1482        209.3921
        210.1482        209.3921
        210.1482        209.3921
        210.1481        209.3921
        210.1481        209.3921
        210.1480        209.3921
        210.1480        209.3921
        210.1479        209.3921
        210.1479        209.3921
        210.1479        209.3921
        210.1478        209.3921
        210.1478        209.3921
        210.1477        209.3921
        210.1477        209.3921
        210.1476        209.3921
        210.1476        209.3921
        210.1476        209.3921
        210.1475        209.3921
        210.1475        209.3921
        210.1474        209.3921
        210.1474        209.3921
        210.1474        209.3921
        210.1473        209.3921
        210.1473        209.3921
        210.1472        209.3921
        210.1472        209.3921
        210.1472        209.3921
        210.1471        209.3921
        210.1471        209.3921
        210.1470        209.3921
        210.1470        209.3921
        210.1470        209.3921
        210.1469        209.3921
        210.1469        209.3921
        210.1469        209.3921
        210.1468        209.3921
        210.1468        209.3921
        210.1467        209.3921
        210.1467        209.3921
        210.1467        209.3921
        210.1466        209.3921
        210.1466        209.3921
        210.1466        209.3921
        210.1465        209.3921
        210.1465        209.3921
        210.1465        209.3921
        210.1464        209.3921
        210.1462        209.3921
          0.0017         -2.0000
          0.0026         -1.5494
          0.0041         -1.0811
          0.0056         -0.9210
          0.0194         -0.7572
          0.0848         -0.7573
          0.1130         -0.8345
          0.1507         -0.7040
          0.2009         -0.5342
          0.2643         -0.3514
          0.3304         -0.2039
          0.3965         -0.0988
          0.4626         -0.0330
          0.5022         -0.0110
          0.5565          0.0000
          0.6122         -0.0096
          0.6817         -0.0471
          0.7513         -0.1077
          0.8487         -0.2203
          1.0000         -0.4277

**************** Moment     estimates ***************

 NO valid MT estimate of Ne, MT_m=        0.96
 Ne<0 indicates an infinitely large estimate of Ne



 Program started:  Date(d/m/y)=14/05/2009,  Time(s/m/hr)=38/24/11
 Program finished: Date(d/m/y)=16/05/2009,  Time(s/m/hr)=38/35/15
