1
10000
3
0
13
7,5,4,14,8,18,17,3,12,11,3,4,14
2
0,1
0,1,61,34,5,13,0
14,85,3,5,3
0,108,3,3
3,0,2,5,6,11,22,27,7,9,13,4,4,1
2,12,10,52,18,8,10,0
0,0,1,0,1,4,5,6,13,22,18,20,8,6,4,3,0,1
1,1,1,4,11,35,17,2,4,9,0,0,1,17,1,5,1
60,33,21
1,35,4,1,3,0,40,0,30,0,0,0
12,31,0,11,43,5,1,3,2,0,0
98,15,1
57,1,52,4
8,41,4,8,29,13,1,0,1,2,1,1,0,1
0,0,23,18,1,3,1
3,36,2,2,3
0,45,1,0
0,0,0,1,6,7,3,12,6,3,4,0,2,0
0,10,4,18,7,2,4,1
0,1,1,0,1,1,0,2,3,7,5,9,8,5,2,1,0,0
0,0,0,0,3,16,10,0,2,2,1,0,0,8,0,0,0
22,11,13
1,22,1,1,1,1,12,0,7,0,0,0
0,15,0,7,20,1,1,1,0,0,1
41,5,0
29,1,15,1
0,16,0,5,17,4,1,0,0,0,0,2,0,1
2,3,312,164,18,53,10
67,418,13,49,23
3,536,18,11
7,4,4,27,42,75,122,99,59,44,40,15,29,5
8,102,35,223,108,39,53,0
1,2,2,2,6,13,20,47,47,68,113,73,65,55,30,21,3,0
1,3,2,13,49,189,68,18,41,57,9,3,2,71,5,24,0
284,170,114
2,240,20,7,7,5,197,6,74,6,1,7
23,161,1,77,238,11,15,11,3,1,0
506,63,3
285,22,245,18
20,249,19,44,155,48,7,3,3,1,5,9,4,3
1
