1
10000
2
1
13
7,5,4,14,8,18,17,3,12,11,3,4,14
2
0,1
1,0,8,9,0,3,1
0,17,0,2,3
0,21,1,0
0,0,0,0,2,5,3,2,5,2,1,0,1,1
1,4,3,10,2,0,2,0
0,0,0,0,0,1,1,2,1,4,1,5,1,1,4,1,0,0
1,0,0,0,1,4,6,0,2,5,0,0,0,3,0,0,0
13,6,3
0,13,0,1,0,1,4,0,1,1,0,1
1,9,0,2,8,1,1,0,0,0,0
19,3,0
5,4,13,0
1,14,1,1,4,0,0,0,0,0,0,0,1,0
0,0,2,6,0,0,0
1,7,0,0,0
0,7,1,0
0,0,0,0,2,1,1,1,1,1,1,0,0,0
0,1,0,4,1,0,2,0
0,0,0,0,0,0,0,0,0,0,3,3,1,0,0,0,1,0
0,0,0,0,1,3,3,0,0,0,0,0,0,0,0,1,0
5,1,2
0,4,0,0,0,0,3,0,1,0,0,0
0,3,0,2,3,0,0,0,0,0,0
7,1,0
3,1,4,0
1,3,0,1,1,1,0,0,0,0,0,1,0,0
1,4,393,205,27,69,11
86,527,18,59,26
3,681,20,14
10,3,6,36,51,89,145,139,70,57,55,19,35,5
9,123,45,289,135,51,65,1
1,3,5,2,8,17,25,54,65,94,136,98,82,64,32,24,2,2
2,4,5,17,65,238,88,21,45,65,10,4,3,94,6,28,1
361,209,148
4,287,25,9,11,5,249,6,114,5,1,6
34,204,1,94,299,17,16,15,5,1,1
638,80,4
375,20,302,23
26,295,22,58,203,67,9,3,4,3,6,11,3,5
1
