1
10000
2
2
13
7,5,4,14,8,18,17,3,12,11,3,4,14
2
0,1
0,0,43,24,3,10,0
13,52,3,12,2
1,77,1,3
2,1,3,1,6,14,19,16,6,5,4,4,1,0
2,21,4,30,12,9,4,0
0,0,0,0,1,0,2,7,9,10,14,16,8,9,2,4,0,0
0,1,1,4,8,28,6,1,7,6,2,1,0,12,0,3,0
36,28,18
0,33,5,1,3,0,23,1,15,1,0,0
3,20,1,10,37,1,3,2,1,0,0
73,9,0
40,3,35,4
3,32,3,7,22,7,0,0,1,0,1,1,1,2
0,0,33,17,4,8,0
3,50,3,1,5
0,56,3,1
1,0,0,1,7,6,12,12,8,5,1,2,6,1
3,12,3,23,11,5,5,0
0,0,0,0,1,2,4,7,3,7,13,7,5,6,4,2,1,0
0,0,1,1,9,16,7,7,6,3,2,0,0,6,1,1,0
29,16,13
0,25,0,0,0,1,23,2,9,1,0,1
2,18,0,8,27,1,1,0,1,0,0
56,4,2
35,5,21,1
3,22,4,0,20,8,2,0,0,0,1,2,0,0
2,4,321,174,20,49,12
71,438,9,47,21
2,562,17,9
7,3,3,33,41,73,113,111,60,49,52,13,27,5
5,88,41,244,114,37,56,1
1,3,5,2,5,17,20,40,53,78,108,79,69,50,31,19,2,2
3,3,3,12,46,198,83,13,33,59,6,3,3,76,5,23,1
309,168,115
4,238,19,9,7,5,206,3,91,4,1,5
30,172,0,78,239,16,12,13,3,1,1
519,71,2
299,17,256,18
22,249,16,52,160,53,7,3,3,3,4,9,3,3
1
