1
10000
3
0
13
7,5,4,14,8,18,17,3,12,11,3,4,14
2
0,1
0,0,29,14,1,3,1
4,38,0,3,3
0,47,1,0
0,0,0,3,1,8,14,10,3,2,4,1,1,1
1,8,4,26,5,2,2,0
0,0,0,1,0,0,2,4,2,8,11,4,7,6,2,1,0,0
0,0,0,2,2,20,6,2,4,5,0,0,0,4,1,0,0
25,11,12
0,21,1,0,0,0,20,0,6,0,0,0
2,16,0,2,21,1,2,1,0,1,0
39,9,0
30,2,14,2
2,26,0,2,11,6,1,0,0,0,0,0,0,0
0,0,14,6,1,3,0
4,19,1,1,1
0,24,2,0
0,0,0,1,2,0,8,1,4,4,4,0,2,0
0,5,1,8,5,2,5,0
0,0,1,0,1,2,0,5,0,4,4,3,3,2,0,1,0,0
0,0,0,1,1,7,4,1,1,1,1,0,0,4,0,3,0
11,7,8
0,9,0,2,0,0,10,0,5,0,0,0
1,4,0,3,12,0,2,0,0,0,0
20,6,0
13,1,9,3
0,12,0,4,8,2,0,0,0,0,0,0,0,0
2,4,360,198,25,66,11
79,493,17,56,25
3,636,19,14
10,4,6,32,52,87,126,130,69,54,49,18,32,5
9,114,44,268,125,47,62,1
1,3,4,1,7,17,23,45,64,86,125,99,74,58,34,22,3,2
3,4,5,14,63,217,88,18,42,64,9,4,3,88,5,26,1
343,198,131
4,274,23,8,11,6,225,6,105,6,1,7
31,195,1,92,279,16,13,12,5,0,1
603,69,4
340,22,294,18
27,276,23,54,186,60,8,2,4,3,6,12,3,5
1
