1
10000
2
1
13
7,5,4,14,8,18,17,3,12,11,3,4,14
2
0,1
0,0,12,8,1,3,0
5,17,1,3,0
0,25,0,1
0,1,1,1,0,3,7,5,2,1,0,4,1,0
0,7,0,11,3,3,2,0
0,0,0,0,0,0,0,3,3,3,7,2,2,5,0,1,0,0
0,0,0,1,2,10,2,0,3,2,2,0,0,1,0,1,0
11,11,4
0,14,3,0,0,0,3,0,5,1,0,0
1,7,1,4,10,0,2,1,0,0,0
21,5,0
14,1,10,1
0,11,1,3,8,3,0,0,0,0,0,0,0,0
0,0,3,2,1,0,0
1,4,1,0,0
0,6,0,0
0,0,0,0,2,1,2,0,0,1,0,0,0,0
0,1,0,2,3,0,0,0
0,0,0,0,0,0,0,0,0,0,1,1,0,0,2,1,1,0
0,0,0,0,1,1,1,0,0,0,1,0,0,0,0,0,0
4,1,1
0,2,0,0,0,0,3,0,1,0,0,0
0,2,0,1,3,0,0,0,0,0,0
6,0,0
5,0,1,0
1,2,0,0,1,1,0,0,0,0,1,0,0,0
2,4,383,208,25,68,12
81,525,14,57,29
3,671,21,13
10,3,5,34,53,90,138,136,74,57,56,15,33,6
10,115,49,285,132,48,66,1
1,3,5,2,7,19,26,53,63,94,127,100,82,60,35,23,2,2
3,4,5,15,61,235,94,21,43,68,7,4,3,92,6,28,1
361,203,144
4,285,21,10,10,6,249,6,109,5,1,6
34,205,0,92,291,18,14,14,5,1,1
629,79,4
361,24,303,22
28,295,22,56,196,64,9,3,4,3,5,11,4,5
1
