0
10000
2
1
13
4,5,4,14,7,13,14,3,10,9,3,4,12
2
0,1
43,24,3,10
13,52,3,12,2
1,77,1,3
2,1,3,1,6,14,19,16,6,5,4,4,1,0
2,21,4,30,12,9,4
1,0,2,7,9,10,14,16,8,9,2,4,0
1,1,4,8,28,6,1,7,6,2,1,12,0,3
36,28,18
33,5,1,3,0,23,1,15,1,0
3,20,1,10,37,1,3,2,1
73,9,0
40,3,35,4
3,32,3,7,22,7,0,1,1,1,1,2
33,17,4,8
3,50,3,1,5
0,56,3,1
1,0,0,1,7,6,12,12,8,5,1,2,6,1
3,12,3,23,11,5,5
1,2,4,7,3,7,13,7,5,6,4,2,1
0,1,1,9,16,7,7,6,3,2,0,6,1,1
29,16,13
25,0,0,0,1,23,2,9,1,1
2,18,0,8,27,1,1,0,1
56,4,2
35,5,21,1
3,22,4,0,20,8,2,0,1,2,0,0
