1
10000
3
0
13
7,5,4,14,8,18,17,3,12,11,3,4,14
2
0,1
0,2,54,28,4,7,1
6,79,0,8,3
1,91,2,2
1,0,0,4,7,16,23,15,8,7,9,2,3,1
1,18,5,45,15,4,8,0
0,0,1,1,0,1,5,8,6,16,15,9,12,13,5,2,0,0
0,1,0,2,5,38,12,6,7,8,0,1,0,11,2,1,0
47,25,24
0,38,4,0,0,1,41,1,10,1,0,0
6,28,0,14,37,1,3,2,0,1,0
83,13,0
52,3,38,3
3,49,2,6,22,9,1,0,1,0,1,2,0,0
0,0,28,13,1,5,1
8,35,1,7,1
0,48,3,1
0,0,1,3,3,3,11,8,8,5,7,1,2,0
0,9,3,20,8,5,7,0
0,0,1,0,1,2,1,7,3,6,11,8,4,3,3,2,0,0
0,0,0,2,2,18,6,2,3,2,2,0,1,9,0,3,0
26,15,11
0,23,0,2,1,0,17,0,7,1,0,1
1,13,0,6,23,0,2,1,0,0,0
45,7,0
25,1,23,3
0,22,0,5,19,5,0,0,0,0,0,1,0,0
1,2,319,174,22,60,10
73,431,17,45,24
2,562,17,11
9,4,5,29,45,76,112,116,59,48,41,16,29,5
9,100,41,235,110,40,54,1
1,3,3,1,7,16,18,39,56,76,111,89,67,50,28,20,3,2
3,3,5,12,59,188,79,13,37,57,7,3,2,76,4,25,1
303,174,115
4,239,20,8,10,5,195,5,99,4,1,6
27,172,1,77,248,16,12,10,5,0,1
529,63,4
302,21,254,17
26,240,21,48,162,54,8,2,3,3,5,9,3,5
1
