0
10000
2
1
13
6,5,3,13,8,15,16,3,8,9,3,4,12
2
0,1
1,61,34,5,13,0
14,85,3,5,3
108,3,3
3,2,5,6,11,22,27,7,9,13,4,4,1
2,12,10,52,18,8,10,0
0,1,1,4,5,6,13,22,18,20,8,6,4,3,1
1,1,1,4,11,35,17,2,4,9,0,1,17,1,5,1
60,33,21
1,35,4,1,3,0,40,30
12,31,11,43,5,1,3,2,0
98,15,1
57,1,52,4
8,41,4,8,29,13,1,1,2,1,1,1
0,23,18,1,3,1
3,36,2,2,3
45,1,0
0,0,1,6,7,3,12,6,3,4,0,2,0
0,10,4,18,7,2,4,1
1,1,1,1,0,2,3,7,5,9,8,5,2,1,0
0,0,0,0,3,16,10,0,2,2,1,0,8,0,0,0
22,11,13
1,22,1,1,1,1,12,7
0,15,7,20,1,1,1,0,1
41,5,0
29,1,15,1
0,16,0,5,17,4,1,0,0,0,2,1
