1
10000
3
0
13
7,5,4,14,8,18,17,3,12,11,3,4,14
2
0,1
0,0,16,9,1,6,0
5,24,1,4,0
0,33,0,1
0,1,1,1,0,6,9,7,3,1,0,4,1,0
0,9,2,13,4,4,2,0
0,0,0,0,0,0,0,4,3,6,7,4,4,5,0,1,0,0
0,0,0,1,3,14,2,0,3,3,2,0,0,2,0,2,0
14,14,6
0,18,3,0,0,0,4,1,7,1,0,0
1,9,1,5,15,0,2,1,0,0,0
28,6,0
19,1,13,1
1,12,2,5,10,4,0,0,0,0,0,0,0,0
0,0,19,8,3,6,0
2,29,1,1,3
0,35,0,1
1,0,0,1,5,4,8,6,4,3,0,0,4,0
2,7,2,11,9,2,3,0
0,0,0,0,1,1,1,3,1,4,7,6,2,3,4,2,1,0
0,0,1,0,4,7,5,5,5,0,2,0,0,3,1,1,0
16,10,6
0,13,0,0,0,1,16,1,4,0,0,1
2,12,0,5,12,1,0,0,0,0,0
32,2,2
20,3,12,1
2,14,1,0,11,5,1,0,0,0,1,1,0,0
2,4,365,200,23,56,12
80,492,13,55,26
3,633,21,11
9,3,5,33,49,83,129,129,68,55,57,15,29,6
8,106,45,275,124,45,62,1
1,3,5,2,6,18,25,47,62,86,121,94,78,57,33,22,2,2
3,4,4,16,57,222,90,16,38,67,6,4,3,89,5,25,1
345,191,136
4,268,21,10,10,5,235,4,104,5,1,5
32,190,0,88,277,17,14,14,5,1,1
594,76,2
338,21,290,21
26,280,20,54,183,59,8,3,4,3,5,11,4,5
1
