1
10000
2
1
13
7,5,4,14,8,18,17,3,12,11,3,4,14
2
0,1
0,0,4,1,0,3,0
0,7,0,1,0
0,8,0,0
0,0,0,0,0,3,2,2,1,0,0,0,0,0
0,2,2,2,1,1,0,0
0,0,0,0,0,0,0,1,0,3,0,2,2,0,0,0,0,0
0,0,0,0,1,4,0,0,0,1,0,0,0,1,0,1,0
3,3,2
0,4,0,0,0,0,1,1,2,0,0,0
0,2,0,1,5,0,0,0,0,0,0
7,1,0
5,0,3,0
1,1,1,2,2,1,0,0,0,0,0,0,0,0
0,0,16,6,2,6,0
1,25,0,1,3
0,29,0,1
1,0,0,1,3,3,6,6,4,2,0,0,4,0
2,6,2,9,6,2,3,0
0,0,0,0,1,1,1,3,1,4,6,5,2,3,2,1,0,0
0,0,1,0,3,6,4,5,5,0,1,0,0,3,1,1,0
12,9,5
0,11,0,0,0,1,13,1,3,0,0,1
2,10,0,4,9,1,0,0,0,0,0
26,2,2
15,3,11,1
1,12,1,0,10,4,1,0,0,0,0,1,0,0
2,4,384,213,25,60,12
87,517,17,59,26
3,671,22,12
9,4,6,36,51,89,141,133,70,58,56,19,32,6
8,119,45,290,130,48,65,1
1,3,5,2,7,18,25,50,65,91,132,98,80,63,35,24,3,2
3,4,4,16,63,234,94,16,42,70,9,4,3,92,5,26,1
363,204,145
4,286,25,10,11,5,243,4,111,6,1,6
33,201,1,92,296,17,17,15,5,1,1
628,82,2
362,22,304,22
27,297,21,58,196,63,8,3,4,3,6,10,4,5
1
