1
10000
2
4      !0
20
4,4,4,4,4,4,4,4,4,4,4,4,4,4,4,4,4,4,4,4
2
0,2
 
   251   83   45   21
   143   59  156   42
   168   26    5  201
   181  111   83   25
   199   26   20  155
   161  111   28  100
   150   74   84   92
   187  118   57   38
    31   41   14  314
   150  116   16  118
    25  304   59   12
   241   30   99   30
   222   40   53   85
    95   30  186   89
    72   21  243   64
   113  137  111   39
    40  191   22  147
   106   48  163   83
    33  115   73  179
    86   96   58  160
 
   309   32   37   22
   124   65  160   51
   136   31    0  233
   148  132  103   17
   183   21   27  169
   154  122   20  104
   158   61   73  108
   216   91   69   24
    24   66   12  298
   133  112   13  142
     5  331   59    5
   275   11   85   29
   242   54   47   57
   104   21  182   93
    59   27  255   59
    99  119   95   87
    40  197   23  140
    99   52  167   82
    41  102   87  170
    83  126   24  167
 

 
   313   55    5   27
   139   45  156   60
   136   37    3  224
   189  109   74   28
   146   15   29  210
   169  135   14   82
   165   36   52  147
   171  123   94   12
    28   74   10  288
   168   79    3  150
     1  304   72   23
   267   14   84   35
   246   57   33   64
    42   24  235   99
    49   11  296   44
   121  107   96   76
    34  212   29  125
   133   27  153   87
    35  102   42  221
    97  167   57   79

1
