1
10000
2
1
13
7,5,4,14,8,18,17,3,12,11,3,4,14
2
0,1
0,0,14,7,1,1,1
2,18,0,3,1
0,23,1,0
0,0,0,0,0,6,7,7,0,1,1,1,1,0
1,5,2,10,4,1,1,0
0,0,0,0,0,0,1,3,1,4,4,3,4,4,0,0,0,0
0,0,0,1,1,6,6,1,2,1,0,0,0,3,1,0,0
12,5,7
0,6,1,0,0,0,14,0,3,0,0,0
2,6,0,0,13,1,0,0,0,0,0
19,5,0
16,1,5,2
1,13,0,1,6,3,0,0,0,0,0,0,0,0
0,0,7,4,1,2,0
3,9,0,1,1
0,13,1,0
0,0,0,1,0,0,5,0,3,2,1,0,2,0
0,4,0,3,3,2,2,0
0,0,0,0,1,1,0,2,0,4,3,1,0,2,0,0,0,0
0,0,0,0,0,5,3,0,0,0,1,0,0,3,0,2,0
6,5,3
0,5,0,1,0,0,5,0,3,0,0,0
1,1,0,2,9,0,1,0,0,0,0
9,5,0
8,0,6,0
0,5,0,2,6,1,0,0,0,0,0,0,0,0
2,4,381,210,25,69,11
82,524,18,57,27
3,673,20,14
10,4,6,35,55,89,138,134,73,57,54,18,33,6
9,119,47,289,129,48,66,1
1,3,5,2,7,18,25,51,65,90,132,101,80,60,36,25,3,2
3,4,5,15,65,235,89,20,45,70,9,4,3,90,5,27,1
361,207,142
4,293,24,9,11,6,237,6,110,6,1,7
32,208,1,94,289,17,16,15,5,1,1
635,75,4
361,24,306,21
28,295,23,57,196,64,9,3,4,3,6,11,3,5
1
