1
10000
2
1
13
7,5,4,14,8,18,17,3,12,11,3,4,14
2
0,1
0,1,23,11,3,8,0
8,36,0,1,1
0,42,1,3
1,0,1,3,3,2,8,7,3,7,7,2,2,0
1,3,3,23,7,3,4,0
0,0,0,0,1,1,3,0,5,10,6,11,4,1,1,1,0,0
0,0,0,1,4,15,4,1,1,5,0,0,1,7,0,3,0
25,13,8
0,14,0,1,3,0,17,0,11,0,0,0
6,10,0,2,24,1,0,1,0,0,0
42,4,0
27,0,19,0
2,17,1,2,13,4,0,0,0,1,0,1,0,1
0,0,6,5,0,1,0
2,10,0,0,0
0,12,0,0
0,0,0,0,3,3,0,2,1,1,1,0,1,0
0,4,0,4,3,0,0,1
0,1,0,0,0,0,0,0,0,2,1,4,2,1,1,0,0,0
0,0,0,0,1,4,3,0,1,0,0,0,0,1,0,0,0
3,4,5
0,6,0,0,1,0,2,0,3,0,0,0
0,5,0,3,4,0,0,0,0,0,0
11,1,0
7,0,4,1
0,3,0,1,5,1,1,0,0,0,0,0,0,1
2,3,369,205,23,61,11
78,498,18,58,28
3,647,21,11
9,4,5,33,49,91,141,128,70,50,48,17,33,6
9,120,46,271,124,47,65,0
1,2,4,2,7,18,22,55,61,87,130,89,77,64,34,24,3,2
3,4,4,15,60,225,88,20,45,65,10,4,2,88,6,26,1
347,198,137
4,281,25,8,7,6,235,6,100,6,1,7
29,197,1,91,278,17,17,14,5,1,1
603,79,4
346,25,291,22
27,290,22,56,187,62,8,3,4,2,6,10,4,3
1
