1
10000
2
1
13
7,5,4,14,8,18,17,3,12,11,3,4,14
2
0,1
0,0,11,5,0,4,0
6,9,0,3,2
1,18,0,1
1,0,2,0,2,5,4,4,1,1,0,0,0,0
2,2,0,9,5,1,1,0
0,0,0,0,1,0,1,0,4,2,4,3,2,2,1,0,0,0
0,0,0,1,2,7,2,0,4,3,0,0,0,1,0,0,0
10,7,3
0,6,1,0,1,0,9,0,3,0,0,0
1,4,0,1,11,0,0,1,0,0,0
19,1,0
8,0,10,2
1,9,1,0,6,0,0,0,0,0,1,1,1,0
0,0,10,6,1,1,0
0,14,2,0,2
0,14,2,0
0,0,0,0,2,1,3,2,3,2,1,2,1,1
0,4,1,8,2,2,1,0
0,0,0,0,0,0,2,4,2,1,4,1,2,2,0,0,0,0
0,0,0,1,5,7,1,2,0,1,0,0,0,1,0,0,0
10,3,5
0,5,0,0,0,0,7,1,5,0,0,0
0,5,0,1,11,0,0,0,1,0,0
17,1,0
10,1,7,0
1,6,3,0,5,2,1,0,0,0,0,0,0,0
2,4,384,210,26,66,12
82,529,16,58,25
2,679,20,13
9,4,4,37,51,90,143,134,72,57,56,17,35,5
8,122,48,287,131,48,65,1
1,3,5,2,7,19,23,52,59,95,132,102,80,62,36,25,3,2
3,4,5,15,60,232,95,19,43,66,10,4,3,95,6,29,1
361,207,144
4,295,24,10,10,6,240,5,108,6,1,7
34,206,1,95,290,18,17,14,4,1,1
629,83,4
366,24,303,21
27,297,19,60,198,66,8,3,4,3,5,11,3,5
1
