1
10000
2
1
13
7,5,4,14,8,18,17,3,12,11,3,4,14
2
0,1
0,0,14,3,0,3,0
3,16,0,0,1
1,17,2,0
0,0,0,1,3,3,3,5,0,2,1,0,2,0
0,2,1,4,9,1,3,0
0,0,0,0,0,0,0,0,3,2,5,3,2,2,0,2,1,0
0,0,0,1,2,7,4,1,1,1,0,0,0,1,0,0,0
10,5,5
0,4,0,0,0,0,12,0,4,0,0,0
2,6,0,1,10,0,0,1,0,0,0
17,3,0
14,0,6,0
2,7,0,0,7,2,1,1,0,0,0,0,0,0
0,0,10,3,0,1,0
1,12,0,1,0
0,13,1,0
0,0,0,2,0,0,3,3,0,1,4,1,0,0
0,1,0,5,4,1,3,0
0,1,0,0,1,1,0,0,1,2,3,2,0,1,0,2,0,0
0,0,0,0,1,6,2,0,0,0,0,0,0,5,0,0,0
9,3,2
1,3,1,0,1,0,3,0,3,0,0,2
1,6,0,1,5,0,0,0,1,0,0
12,2,0
6,0,8,0
0,6,0,2,1,3,1,0,0,0,1,0,0,0
0,0,31,8,3,2,0
8,30,1,3,2
0,44,1,1
2,0,0,1,1,3,10,12,7,3,3,0,3,1
1,5,8,15,13,2,2,0
0,0,0,0,0,2,3,6,7,6,6,6,2,5,2,1,0,0
0,1,1,1,7,11,4,1,2,6,1,0,0,8,1,0,0
20,20,6
0,19,2,1,0,0,16,0,8,0,0,0
3,13,0,9,14,3,2,1,1,0,0
40,6,0
22,0,22,2
4,8,0,6,16,8,1,0,1,1,1,0,0,0
1
