1
10000
3
0
13
7,5,4,14,8,18,17,3,12,11,3,4,14
2
0,1
0,0,19,10,1,3,1
3,28,0,3,0
0,30,1,1
0,0,0,0,5,6,11,5,2,2,1,0,1,1
0,3,1,12,11,3,4,0
1,0,0,0,0,2,3,2,2,5,3,2,5,2,3,2,0,0
0,0,0,0,1,13,3,2,3,3,0,1,0,5,0,3,0
19,9,6
0,12,2,1,0,1,13,2,3,0,0,0
2,9,0,6,14,0,1,2,0,0,0
32,2,0
16,0,18,0
1,19,2,2,7,2,0,0,0,0,1,0,0,0
0,0,16,10,1,3,2
4,24,1,2,1
0,31,1,0
0,0,1,1,2,3,4,8,5,4,1,1,2,0
0,7,1,13,4,5,2,0
0,0,0,0,1,1,1,2,2,4,8,4,3,1,4,1,0,0
0,0,0,1,1,12,3,1,3,3,1,0,1,5,0,1,0
20,8,4
0,20,2,0,1,0,6,0,2,0,0,1
0,12,0,4,10,1,0,1,0,0,0
29,3,0
16,0,15,1
0,13,0,4,12,2,0,0,0,0,0,1,0,0
1,4,365,196,24,65,9
81,491,17,54,27
3,638,20,13
10,4,5,35,48,86,130,127,67,54,54,17,32,5
10,118,47,272,120,41,61,1
0,3,5,2,7,16,21,51,58,89,127,100,72,63,29,22,3,2
3,4,5,16,62,218,91,18,41,62,9,3,2,86,6,24,1
335,198,139
4,270,21,9,10,5,232,4,108,6,1,6
32,192,1,86,282,17,16,12,5,1,1
594,79,3
346,25,281,22
28,279,21,50,183,64,9,3,4,3,5,11,4,5
1
