1
10000
2
1
13
4,4,11,4,15,17,7,9,16,5,6,17,2,5,4,5,7
2
0,1
0,2,8,0
5,5,0,0
0,0,4,1,0,3,0,1,1,0,0
0,6,4,0
2,0,3,0,2,0,1,0,1,0,0,0,0,0,1
3,1,1,0,1,0,2,0,0,0,1,0,0,0,0,0,1
3,3,1,2,0,1,0
2,2,1,0,4,1,0,0,0
5,0,0,0,3,0,0,0,1,0,1,0,0,0,0,0
0,6,0,4,0
2,4,0,1,1,0
1,0,0,1,0,1,1,3,1,0,0,0,0,0,0,0,0
1,9
3,0,5,2,0
1,9,0,0
4,4,1,1,0
0,0,1,3,2,2,0
0,1,5,0
2,4,0,0
0,0,6,0,0,0,0,0,0,0,0
0,3,3,0
0,0,1,0,1,0,1,0,0,0,1,1,0,0,1
0,2,1,0,0,0,0,0,1,0,0,0,0,1,0,0,1
0,4,1,0,1,0,0
3,0,1,0,0,2,0,0,0
3,1,0,0,1,0,0,0,0,0,0,1,0,0,0,0
0,5,0,0,1
0,4,0,2,0,0
1,0,0,0,2,0,0,0,1,0,0,0,0,0,0,0,0
3,3
2,1,2,1,0
1,5,0,0
0,5,1,0,0
0,0,1,1,1,2,1
2,80,182,18
137,131,1,1
2,5,102,9,23,95,6,27,9,1,1
2,186,87,3
19,3,88,3,8,38,11,1,47,1,19,12,2,2,24
52,67,11,11,14,2,3,24,7,1,34,1,17,10,2,1,22
58,103,42,67,3,8,1
51,23,87,6,42,27,6,37,1
157,32,1,1,42,3,2,5,0,2,8,8,6,5,5,7
2,202,25,48,7
14,134,23,76,19,9
60,6,2,47,23,11,38,30,17,7,6,5,6,5,6,4,1
109,177
115,7,95,65,1
36,246,1,1
72,151,25,35,2
1,2,36,23,84,98,13
1
